# File generated by CMD 2.8 (http://stev.oapd.inaf.it/cmd) on Fri Jul 15 04:11:12 CEST 2016
# PARSEC isochrones, release v1.2S
# Basic references: Bressan et al. (2012), MNRAS, 427, 127 + Chen et al. (2014, 2015), MNRAS, 444, 2525 + MNRAS, 452, 1068 + Tang et al. (2014), MNRAS, 445, 4287
# Warning: you choose not to include the TP-AGB phase!
# Photometric system: <i>UBVRIJHK</i> (cf. Maiz-Apellaniz 2006 + Bessell 1990)
# Using NBC version of bolometric corrections as in Chen et al. (2014), MNRAS, 444, 2525
# BCs of Carbon stars derive from Aringer et al. (2009, A&A 503, 913)
# O-rich circumstellar dust ignored
# C-rich circumstellar dust ignored
# IMF: Chabrier (2001) lognormal 
# On RGB, assumed Reimers mass loss with efficiency eta=0.2
# Kind of output: isochrone tables
#	Isochrone  Z = 0.01500	Y = 0.27513	[M/H] = 0.009	eta_R = 0.200	Age = 	1.0000e+09 yr
#      Z	log(age/yr)	M_ini   	M_act	logL/Lo	logTe	logG	mbol    U       B       V       R       I       J       H       K	int_IMF	stage
	0.015000	9.0000	0.09000000	0.0900	-3.3869	3.3658	5.1945	13.237	25.555	21.949	19.914	17.079	14.407	11.051	10.461	10.156	1.46765435	0
	0.015000	9.0000	0.10000000	0.1000	-3.2223	3.3897	5.1712	12.826	23.704	20.567	18.630	16.115	13.653	10.699	10.105	9.793	1.57040203	0
	0.015000	9.0000	0.12000000	0.1200	-2.9733	3.4235	5.1364	12.203	21.061	18.578	16.775	14.710	12.545	10.161	9.560	9.243	1.74782515	0
	0.015000	9.0000	0.12258600	0.1226	-2.9498	3.4262	5.1329	12.144	20.840	18.410	16.618	14.589	12.447	10.109	9.507	9.190	1.76845706	0
	0.015000	9.0000	0.14000000	0.1400	-2.7924	3.4435	5.1025	11.751	19.535	17.378	15.662	13.836	11.835	9.756	9.152	8.836	1.89584959	0
	0.015000	9.0000	0.14891084	0.1489	-2.7277	3.4497	5.0896	11.589	19.067	16.999	15.309	13.551	11.601	9.609	9.004	8.690	1.95409930	1
	0.015000	9.0000	0.16000000	0.1600	-2.6518	3.4570	5.0740	11.400	18.528	16.563	14.895	13.217	11.334	9.438	8.831	8.520	2.02115250	1
	0.015000	9.0000	0.20000000	0.2000	-2.4365	3.4757	5.0303	10.861	17.193	15.450	13.841	12.345	10.627	8.945	8.335	8.035	2.22178221	1
	0.015000	9.0000	0.25000000	0.2500	-2.2346	3.4921	4.9911	10.356	16.090	14.501	12.927	11.566	10.003	8.481	7.868	7.582	2.40809011	1
	0.015000	9.0000	0.30000001	0.3000	-2.0800	3.5031	4.9593	9.970	15.372	13.864	12.323	11.035	9.555	8.120	7.504	7.227	2.54750419	1
	0.015000	9.0000	0.31372148	0.3137	-2.0327	3.5055	4.9414	9.852	15.178	13.690	12.158	10.886	9.425	8.008	7.390	7.116	2.57981539	1
	0.015000	9.0000	0.34999999	0.3500	-1.9255	3.5125	4.9096	9.584	14.720	13.276	11.765	10.535	9.124	7.756	7.135	6.868	2.65552020	0
	0.015000	9.0000	0.35658914	0.3566	-1.9048	3.5140	4.9031	9.532	14.629	13.194	11.687	10.465	9.066	7.708	7.086	6.821	2.66792917	0
	0.015000	9.0000	0.40000001	0.4000	-1.7788	3.5236	4.8652	9.217	14.093	12.701	11.218	10.046	8.713	7.416	6.788	6.532	2.74133730	0
	0.015000	9.0000	0.44999999	0.4500	-1.6291	3.5357	4.8153	8.843	13.482	12.124	10.670	9.552	8.299	7.072	6.434	6.191	2.81098008	0
	0.015000	9.0000	0.50000000	0.5000	-1.4736	3.5504	4.7640	8.454	12.863	11.521	10.095	9.031	7.870	6.720	6.071	5.842	2.86847806	0
	0.015000	9.0000	0.51309294	0.5131	-1.4299	3.5555	4.7522	8.345	12.685	11.343	9.923	8.875	7.749	6.625	5.972	5.748	2.88191652	0
	0.015000	9.0000	0.55000001	0.5500	-1.3129	3.5690	4.7191	8.052	12.224	10.873	9.468	8.460	7.427	6.369	5.707	5.496	2.91663504	0
	0.015000	9.0000	0.60000002	0.6000	-1.1512	3.5923	4.6884	7.648	11.562	10.191	8.819	7.868	6.989	6.027	5.347	5.169	2.95739889	0
	0.015000	9.0000	0.63961202	0.6396	-1.0231	3.6126	4.6696	7.328	11.035	9.636	8.319	7.415	6.650	5.753	5.066	4.923	2.98552775	1
	0.015000	9.0000	0.64999998	0.6500	-0.9907	3.6181	4.6658	7.247	10.895	9.493	8.192	7.300	6.564	5.684	4.999	4.863	2.99236870	1
	0.015000	9.0000	0.69999999	0.7000	-0.8364	3.6461	4.6558	6.861	10.083	8.744	7.560	6.753	6.162	5.369	4.714	4.617	3.02253795	1
	0.015000	9.0000	0.72807038	0.7281	-0.7525	3.6624	4.6542	6.651	9.507	8.314	7.210	6.466	5.941	5.206	4.596	4.512	3.03771186	1
	0.015000	9.0000	0.75000000	0.7500	-0.6895	3.6747	4.6534	6.494	9.063	8.000	6.957	6.265	5.777	5.087	4.516	4.438	3.04879928	1
	0.015000	9.0000	0.80000001	0.8000	-0.5576	3.6949	4.6304	6.164	8.297	7.447	6.495	5.884	5.444	4.822	4.315	4.246	3.07187057	1
	0.015000	9.0000	0.83062470	0.8306	-0.4797	3.7067	4.6159	5.969	7.865	7.138	6.236	5.668	5.251	4.669	4.197	4.133	3.08463430	1
	0.015000	9.0000	0.85000002	0.8500	-0.4319	3.7140	4.6075	5.850	7.607	6.953	6.081	5.538	5.134	4.576	4.125	4.064	3.09222293	1
	0.015000	9.0000	0.89999998	0.9000	-0.3122	3.7315	4.5823	5.550	6.999	6.516	5.712	5.220	4.846	4.342	3.938	3.884	3.11026096	1
	0.015000	9.0000	0.91852820	0.9185	-0.2691	3.7374	4.5719	5.443	6.792	6.362	5.583	5.109	4.744	4.259	3.870	3.818	3.11643481	1
	0.015000	9.0000	0.94999999	0.9500	-0.1978	3.7472	4.5544	5.264	6.457	6.114	5.375	4.927	4.578	4.122	3.757	3.709	3.12635612	1
	0.015000	9.0000	0.95584738	0.9558	-0.1847	3.7489	4.5507	5.232	6.398	6.069	5.337	4.893	4.548	4.097	3.735	3.688	3.12812591	1
	0.015000	9.0000	1.00000000	0.9999	-0.0877	3.7613	4.5230	4.989	5.987	5.750	5.065	4.650	4.323	3.906	3.574	3.530	3.14080405	1
	0.015000	9.0000	1.04999995	1.0499	0.0187	3.7739	4.4882	4.723	5.561	5.406	4.774	4.390	4.082	3.700	3.396	3.357	3.15380883	1
	0.015000	9.0000	1.08769822	1.0876	0.0966	3.7826	4.4602	4.528	5.252	5.157	4.566	4.206	3.912	3.553	3.265	3.232	3.16276288	1
	0.015000	9.0000	1.10000002	1.0999	0.1216	3.7853	4.4511	4.466	5.150	5.078	4.501	4.150	3.861	3.507	3.223	3.192	3.16554141	1
	0.015000	9.0000	1.10066545	1.1006	0.1230	3.7855	4.4505	4.463	5.145	5.074	4.498	4.147	3.858	3.504	3.221	3.190	3.16568995	1
	0.015000	9.0000	1.14999998	1.1499	0.2208	3.7957	4.4126	4.218	4.772	4.769	4.244	3.923	3.651	3.319	3.052	3.027	3.17617631	1
	0.015000	9.0000	1.16105878	1.1610	0.2422	3.7979	4.4042	4.164	4.693	4.703	4.188	3.873	3.605	3.278	3.014	2.991	3.17839503	1
	0.015000	9.0000	1.20000005	1.1999	0.3167	3.8055	4.3743	3.978	4.448	4.478	3.995	3.696	3.440	3.130	2.882	2.861	3.18585706	1
	0.015000	9.0000	1.24327600	1.2432	0.3957	3.8134	4.3425	3.781	4.203	4.244	3.791	3.508	3.263	2.973	2.742	2.722	3.19355941	1
	0.015000	9.0000	1.25000000	1.2499	0.4077	3.8146	4.3376	3.751	4.167	4.209	3.760	3.479	3.237	2.949	2.720	2.701	3.19470429	1
	0.015000	9.0000	1.29999995	1.2999	0.4940	3.8233	4.3031	3.535	3.908	3.955	3.537	3.273	3.045	2.779	2.567	2.549	3.20280719	1
	0.015000	9.0000	1.35000002	1.3499	0.5763	3.8320	4.2719	3.329	3.666	3.713	3.325	3.078	2.865	2.618	2.424	2.408	3.21023273	1
	0.015000	9.0000	1.39999998	1.3999	0.6547	3.8408	4.2446	3.133	3.442	3.483	3.123	2.894	2.696	2.469	2.292	2.278	3.21705914	1
	0.015000	9.0000	1.42283094	1.4227	0.6894	3.8453	4.2347	3.046	3.343	3.380	3.034	2.813	2.623	2.406	2.238	2.224	3.21999574	1
	0.015000	9.0000	1.45000005	1.4499	0.7302	3.8504	4.2226	2.945	3.228	3.259	2.928	2.719	2.537	2.332	2.174	2.160	3.22335362	1
	0.015000	9.0000	1.49436367	1.4942	0.7948	3.8592	4.2063	2.783	3.046	3.067	2.762	2.570	2.404	2.218	2.077	2.065	3.22853994	1
	0.015000	9.0000	1.50000000	1.4999	0.8029	3.8602	4.2040	2.763	3.024	3.043	2.741	2.551	2.387	2.203	2.065	2.052	3.22917390	1
	0.015000	9.0000	1.54999995	1.5499	0.8723	3.8691	4.1845	2.589	2.835	2.842	2.563	2.392	2.245	2.079	1.957	1.945	3.23456979	1
	0.015000	9.0000	1.59367287	1.5936	0.9311	3.8759	4.1651	2.442	2.678	2.673	2.414	2.256	2.122	1.971	1.861	1.850	3.23896956	1
	0.015000	9.0000	1.60000002	1.5999	0.9395	3.8768	4.1620	2.421	2.656	2.649	2.392	2.237	2.104	1.955	1.847	1.836	3.23958373	1
	0.015000	9.0000	1.63495672	1.6349	0.9854	3.8813	4.1433	2.306	2.535	2.520	2.276	2.130	2.006	1.865	1.766	1.755	3.24287629	1
	0.015000	9.0000	1.64999998	1.6500	1.0052	3.8830	4.1342	2.257	2.484	2.465	2.226	2.083	1.963	1.825	1.729	1.718	3.24424219	1
	0.015000	9.0000	1.66389334	1.6639	1.0233	3.8845	4.1258	2.212	2.437	2.415	2.180	2.041	1.923	1.789	1.696	1.685	3.24547744	1
	0.015000	9.0000	1.69388676	1.6939	1.0622	3.8874	4.1063	2.114	2.337	2.308	2.081	1.949	1.837	1.708	1.621	1.609	3.24806261	1
	0.015000	9.0000	1.70000005	1.7000	1.0701	3.8880	4.1021	2.095	2.316	2.286	2.061	1.930	1.819	1.692	1.605	1.594	3.24857616	1
	0.015000	9.0000	1.71452367	1.7145	1.0889	3.8893	4.0923	2.048	2.268	2.235	2.014	1.885	1.777	1.653	1.568	1.557	3.24977875	1
	0.015000	9.0000	1.75000000	1.7500	1.1345	3.8919	4.0661	1.934	2.152	2.111	1.899	1.777	1.674	1.554	1.474	1.463	3.25261688	1
	0.015000	9.0000	1.76946628	1.7695	1.1593	3.8931	4.0508	1.872	2.088	2.044	1.836	1.717	1.617	1.499	1.421	1.410	3.25411677	1
	0.015000	9.0000	1.79902244	1.7990	1.1971	3.8942	4.0248	1.777	1.993	1.944	1.741	1.624	1.527	1.412	1.336	1.325	3.25632048	1
	0.015000	9.0000	1.79999995	1.8000	1.1984	3.8942	4.0238	1.774	1.990	1.941	1.737	1.621	1.524	1.409	1.333	1.322	3.25639176	1
	0.015000	9.0000	1.81614721	1.8161	1.2191	3.8946	4.0083	1.722	1.939	1.887	1.685	1.570	1.474	1.359	1.284	1.273	3.25755835	1
	0.015000	9.0000	1.84167707	1.8417	1.2517	3.8946	3.9818	1.641	1.857	1.802	1.602	1.488	1.392	1.278	1.203	1.192	3.25935292	1
	0.015000	9.0000	1.85000002	1.8500	1.2623	3.8944	3.9727	1.614	1.831	1.775	1.575	1.461	1.366	1.251	1.176	1.165	3.25992513	1
	0.015000	9.0000	1.87028062	1.8703	1.2879	3.8939	3.9496	1.550	1.768	1.710	1.510	1.396	1.300	1.184	1.109	1.097	3.26129436	1
	0.015000	9.0000	1.89833438	1.8983	1.3231	3.8923	3.9144	1.462	1.683	1.622	1.421	1.304	1.205	1.086	1.009	0.997	3.26313114	1
	0.015000	9.0000	1.89999998	1.9000	1.3252	3.8921	3.9121	1.457	1.678	1.617	1.415	1.298	1.200	1.080	1.003	0.991	3.26323819	1
	0.015000	9.0000	1.91693318	1.9169	1.3463	3.8907	3.8892	1.404	1.627	1.566	1.361	1.242	1.141	1.019	0.940	0.928	3.26431370	1
	0.015000	9.0000	1.94687986	1.9469	1.3833	3.8864	3.8416	1.312	1.543	1.480	1.267	1.140	1.032	0.901	0.816	0.804	3.26616144	1
	0.015000	9.0000	1.95000005	1.9500	1.3871	3.8859	3.8364	1.302	1.534	1.472	1.257	1.129	1.021	0.889	0.803	0.790	3.26635003	1
	0.015000	9.0000	1.95835960	1.9584	1.3974	3.8845	3.8224	1.277	1.511	1.449	1.231	1.101	0.990	0.855	0.767	0.754	3.26685190	1
	0.015000	9.0000	1.98420978	1.9842	1.4282	3.8788	3.7748	1.200	1.445	1.384	1.152	1.012	0.891	0.746	0.649	0.635	3.26837206	1
	0.015000	9.0000	2.00000000	2.0000	1.4465	3.8741	3.7410	1.154	1.409	1.350	1.106	0.956	0.828	0.673	0.568	0.554	3.26927757	1
	0.015000	9.0000	2.00952935	2.0095	1.4578	3.8714	3.7208	1.126	1.387	1.329	1.078	0.923	0.790	0.629	0.520	0.505	3.26981544	1
	0.015000	9.0000	2.03106022	2.0311	1.4825	3.8632	3.6681	1.064	1.345	1.289	1.017	0.846	0.699	0.521	0.398	0.383	3.27100801	1
	0.015000	9.0000	2.04839802	2.0484	1.5019	3.8559	3.6229	1.015	1.316	1.263	0.970	0.785	0.625	0.432	0.296	0.279	3.27194571	1
	0.015000	9.0000	2.04999995	2.0500	1.5037	3.8552	3.6186	1.011	1.313	1.261	0.966	0.779	0.618	0.423	0.286	0.269	3.27203131	1
	0.015000	9.0000	2.05268455	2.0527	1.5067	3.8540	3.6115	1.003	1.309	1.257	0.959	0.770	0.607	0.409	0.270	0.253	3.27217436	1
	0.015000	9.0000	2.06816077	2.0682	1.5237	3.8461	3.5663	0.961	1.292	1.241	0.920	0.716	0.539	0.324	0.171	0.152	3.27299070	1
	0.015000	9.0000	2.08206224	2.0821	1.5398	3.8384	3.5221	0.920	1.278	1.229	0.884	0.664	0.474	0.242	0.074	0.054	3.27371097	1
	0.015000	9.0000	2.09900808	2.0990	1.5655	3.8323	3.4757	0.856	1.237	1.186	0.823	0.592	0.391	0.145	-0.034	-0.055	3.27457285	1
	0.015000	9.0000	2.09999990	2.1000	1.5690	3.8332	3.4760	0.848	1.225	1.174	0.814	0.584	0.385	0.141	-0.036	-0.057	3.27462268	1
	0.015000	9.0000	2.10645890	2.1065	1.5924	3.8396	3.4796	0.789	1.144	1.089	0.750	0.534	0.346	0.117	-0.047	-0.068	3.27494645	1
	0.015000	9.0000	2.10889554	2.1089	1.6132	3.8497	3.4996	0.737	1.060	0.998	0.690	0.495	0.326	0.119	-0.025	-0.044	3.27506781	1
	0.015000	9.0000	2.10996699	2.1100	1.6322	3.8598	3.5211	0.690	0.985	0.914	0.637	0.462	0.312	0.127	0.001	-0.016	3.27512097	1
	0.015000	9.0000	2.11054993	2.1105	1.6517	3.8698	3.5418	0.641	0.912	0.832	0.585	0.431	0.299	0.136	0.027	0.011	3.27515006	1
	0.015000	9.0000	2.11089277	2.1109	1.6728	3.8796	3.5602	0.588	0.837	0.748	0.531	0.398	0.284	0.140	0.048	0.033	3.27516699	1
	0.015000	9.0000	2.11110163	2.1111	1.6951	3.8889	3.5749	0.532	0.763	0.665	0.476	0.363	0.265	0.139	0.062	0.048	3.27517748	1
	0.015000	9.0000	2.11125636	2.1113	1.7187	3.8979	3.5873	0.473	0.687	0.581	0.422	0.327	0.244	0.135	0.070	0.057	3.27518511	1
	0.015000	9.0000	2.11132789	2.1113	1.7246	3.9009	3.5935	0.459	0.666	0.559	0.410	0.320	0.242	0.138	0.078	0.065	3.27518868	2
	0.015000	9.0000	2.11140776	2.1114	1.6933	3.8947	3.5999	0.537	0.756	0.655	0.484	0.382	0.294	0.178	0.109	0.096	3.27519274	2
	0.015000	9.0000	2.11146355	2.1115	1.6664	3.8862	3.5931	0.604	0.840	0.747	0.548	0.429	0.326	0.195	0.113	0.099	3.27519536	2
	0.015000	9.0000	2.11153412	2.1115	1.6497	3.8746	3.5632	0.646	0.906	0.823	0.590	0.446	0.322	0.168	0.067	0.052	3.27519894	2
	0.015000	9.0000	2.11161304	2.1116	1.6514	3.8632	3.5158	0.641	0.929	0.854	0.587	0.420	0.276	0.099	-0.021	-0.038	3.27520275	2
	0.015000	9.0000	2.11170793	2.1117	1.6604	3.8517	3.4608	0.619	0.938	0.869	0.569	0.379	0.215	0.012	-0.128	-0.147	3.27520752	2
	0.015000	9.0000	2.11181736	2.1118	1.6674	3.8401	3.4077	0.602	0.959	0.894	0.559	0.346	0.160	-0.068	-0.230	-0.250	3.27521300	2
	0.015000	9.0000	2.11194015	2.1119	1.6704	3.8286	3.3588	0.594	0.995	0.932	0.560	0.323	0.117	-0.136	-0.321	-0.344	3.27521896	2
	0.015000	9.0000	2.11207795	2.1121	1.6703	3.8174	3.3140	0.594	1.050	0.982	0.571	0.311	0.086	-0.195	-0.402	-0.427	3.27522588	2
	0.015000	9.0000	2.11224055	2.1122	1.6675	3.8063	3.2723	0.601	1.119	1.043	0.590	0.307	0.063	-0.244	-0.475	-0.502	3.27523398	2
	0.015000	9.0000	2.11243916	2.1124	1.6613	3.7954	3.2349	0.617	1.217	1.119	0.619	0.312	0.048	-0.286	-0.539	-0.569	3.27524376	2
	0.015000	9.0000	2.11270905	2.1127	1.6494	3.7842	3.2021	0.646	1.363	1.222	0.665	0.327	0.044	-0.317	-0.591	-0.626	3.27525711	2
	0.015000	9.0000	2.11304808	2.1130	1.6291	3.7728	3.1769	0.697	1.528	1.351	0.739	0.371	0.065	-0.326	-0.626	-0.666	3.27527404	2
	0.015000	9.0000	2.11333895	2.1133	1.6065	3.7640	3.1646	0.754	1.668	1.464	0.815	0.428	0.106	-0.309	-0.631	-0.673	3.27528834	2
	0.015000	9.0000	2.11364603	2.1136	1.5763	3.7553	3.1599	0.829	1.832	1.594	0.911	0.505	0.169	-0.271	-0.615	-0.659	3.27530360	2
	0.015000	9.0000	2.11391068	2.1139	1.5454	3.7480	3.1617	0.907	1.990	1.720	1.007	0.585	0.237	-0.225	-0.587	-0.632	3.27531672	2
	0.015000	9.0000	2.11421967	2.1142	1.5058	3.7398	3.1684	1.006	2.190	1.874	1.128	0.689	0.327	-0.160	-0.545	-0.591	3.27533197	2
	0.015000	9.0000	2.11452127	2.1145	1.4699	3.7319	3.1731	1.095	2.387	2.020	1.243	0.784	0.410	-0.101	-0.507	-0.556	3.27534676	2
	0.015000	9.0000	2.11467195	2.1147	1.4554	3.7281	3.1724	1.132	2.478	2.085	1.292	0.824	0.443	-0.080	-0.496	-0.546	3.27535439	3
	0.015000	9.0000	2.11490011	2.1149	1.4458	3.7227	3.1604	1.156	2.583	2.150	1.334	0.853	0.463	-0.077	-0.508	-0.560	3.27536559	3
	0.015000	9.0000	2.11535573	2.1154	1.4558	3.7131	3.1121	1.130	2.712	2.202	1.345	0.840	0.433	-0.138	-0.596	-0.651	3.27538800	3
	0.015000	9.0000	2.11573529	2.1157	1.4911	3.7067	3.0514	1.042	2.732	2.169	1.283	0.762	0.343	-0.250	-0.725	-0.782	3.27540684	3
	0.015000	9.0000	2.11611414	2.1161	1.5368	3.7016	2.9853	0.928	2.707	2.099	1.190	0.656	0.228	-0.383	-0.872	-0.932	3.27542543	3
	0.015000	9.0000	2.11641693	2.1164	1.5756	3.6981	2.9323	0.831	2.674	2.034	1.109	0.565	0.131	-0.492	-0.992	-1.053	3.27544045	3
	0.015000	9.0000	2.11671972	2.1167	1.6159	3.6949	2.8792	0.730	2.633	1.963	1.023	0.471	0.031	-0.604	-1.112	-1.175	3.27545547	3
	0.015000	9.0000	2.11701751	2.1170	1.6567	3.6918	2.8262	0.628	2.588	1.889	0.936	0.375	-0.071	-0.717	-1.234	-1.298	3.27547002	3
	0.015000	9.0000	2.11730647	2.1173	1.6972	3.6888	2.7738	0.527	2.542	1.816	0.849	0.280	-0.171	-0.828	-1.354	-1.419	3.27548432	3
	0.015000	9.0000	2.11758971	2.1176	1.7377	3.6860	2.7222	0.426	2.496	1.743	0.763	0.186	-0.271	-0.938	-1.472	-1.539	3.27549815	3
	0.015000	9.0000	2.11787152	2.1179	1.7775	3.6833	2.6715	0.326	2.450	1.670	0.678	0.094	-0.369	-1.046	-1.589	-1.657	3.27551222	3
	0.015000	9.0000	2.11808252	2.1181	1.8071	3.6813	2.6341	0.252	2.414	1.615	0.614	0.025	-0.442	-1.126	-1.675	-1.744	3.27552247	3
	0.015000	9.0000	2.11815238	2.1182	1.8170	3.6807	2.6216	0.228	2.401	1.597	0.592	0.002	-0.467	-1.153	-1.703	-1.773	3.27552605	3
	0.015000	9.0000	2.11843133	2.1184	1.8565	3.6781	2.5718	0.129	2.355	1.524	0.508	-0.090	-0.564	-1.260	-1.818	-1.889	3.27553964	3
	0.015000	9.0000	2.11850095	2.1185	1.8666	3.6774	2.5592	0.104	2.343	1.506	0.487	-0.113	-0.589	-1.287	-1.847	-1.919	3.27554321	3
	0.015000	9.0000	2.11870742	2.1187	1.8965	3.6755	2.5214	0.029	2.308	1.452	0.423	-0.182	-0.662	-1.368	-1.934	-2.007	3.27555323	3
	0.015000	9.0000	2.11897779	2.1190	1.9360	3.6729	2.4715	-0.070	2.271	1.383	0.340	-0.274	-0.759	-1.475	-2.049	-2.123	3.27556658	3
	0.015000	9.0000	2.11924529	2.1192	1.9760	3.6702	2.4210	-0.170	2.240	1.316	0.255	-0.367	-0.858	-1.584	-2.165	-2.241	3.27557969	3
	0.015000	9.0000	2.11950874	2.1195	2.0161	3.6674	2.3698	-0.270	2.215	1.252	0.173	-0.459	-0.957	-1.693	-2.282	-2.360	3.27559280	3
	0.015000	9.0000	2.11976862	2.1198	2.0563	3.6646	2.3185	-0.371	2.189	1.187	0.091	-0.551	-1.056	-1.803	-2.399	-2.478	3.27560544	3
	0.015000	9.0000	2.12001824	2.1200	2.0954	3.6618	2.2683	-0.469	2.166	1.126	0.011	-0.640	-1.152	-1.909	-2.514	-2.595	3.27561784	3
	0.015000	9.0000	2.12030077	2.1203	2.1405	3.6586	2.2102	-0.581	2.143	1.056	-0.079	-0.742	-1.262	-2.032	-2.646	-2.729	3.27563167	3
	0.015000	9.0000	2.12054539	2.1205	2.1803	3.6557	2.1590	-0.681	2.124	0.997	-0.158	-0.831	-1.358	-2.140	-2.762	-2.847	3.27564359	3
	0.015000	9.0000	2.12083101	2.1208	2.2274	3.6521	2.0976	-0.799	2.108	0.928	-0.250	-0.936	-1.472	-2.268	-2.901	-2.988	3.27565765	3
	0.015000	9.0000	2.12108016	2.1211	2.2697	3.6490	2.0428	-0.904	2.093	0.867	-0.332	-1.029	-1.575	-2.383	-3.025	-3.114	3.27566981	3
	0.015000	9.0000	2.12132573	2.1213	2.3122	3.6458	1.9877	-1.010	2.084	0.808	-0.412	-1.122	-1.677	-2.498	-3.150	-3.241	3.27568197	3
	0.015000	9.0000	2.12158728	2.1216	2.3566	3.6424	1.9295	-1.121	2.089	0.751	-0.495	-1.219	-1.784	-2.618	-3.280	-3.375	3.27569461	3
	0.015000	9.0000	2.12181640	2.1218	2.3949	3.6394	1.8793	-1.217	2.093	0.702	-0.565	-1.302	-1.876	-2.723	-3.393	-3.490	3.27570605	3
	0.015000	9.0000	2.12209058	2.1221	2.4386	3.6360	1.8223	-1.326	2.098	0.649	-0.644	-1.394	-1.980	-2.841	-3.521	-3.620	3.27571940	3
	0.015000	9.0000	2.12245798	2.1225	2.4835	3.6325	1.7632	-1.439	2.106	0.594	-0.724	-1.489	-2.087	-2.962	-3.652	-3.755	3.27573729	3
	0.015000	9.0000	2.12247348	2.1225	2.4848	3.6324	1.7616	-1.442	2.106	0.592	-0.727	-1.492	-2.090	-2.966	-3.656	-3.759	3.27573824	4
	0.015000	9.0000	2.12254333	2.1225	2.4512	3.6351	1.8062	-1.358	2.097	0.632	-0.667	-1.421	-2.010	-2.874	-3.557	-3.657	3.27574158	4
	0.015000	9.0000	2.12256312	2.1226	2.4197	3.6375	1.8473	-1.279	2.094	0.671	-0.610	-1.354	-1.935	-2.789	-3.465	-3.563	3.27574253	4
	0.015000	9.0000	2.12258077	2.1226	2.3887	3.6400	1.8881	-1.202	2.089	0.708	-0.555	-1.289	-1.861	-2.705	-3.374	-3.470	3.27574348	4
	0.015000	9.0000	2.12260604	2.1226	2.3478	3.6432	1.9420	-1.100	2.083	0.760	-0.480	-1.201	-1.763	-2.594	-3.254	-3.347	3.27574468	4
	0.015000	9.0000	2.12263870	2.1226	2.2990	3.6470	2.0059	-0.978	2.079	0.823	-0.389	-1.095	-1.645	-2.461	-3.110	-3.201	3.27574635	4
	0.015000	9.0000	2.12268233	2.1227	2.2485	3.6508	2.0718	-0.851	2.093	0.894	-0.293	-0.984	-1.524	-2.324	-2.961	-3.049	3.27574849	4
	0.015000	9.0000	2.12272787	2.1227	2.2095	3.6539	2.1228	-0.754	2.105	0.949	-0.218	-0.898	-1.430	-2.218	-2.846	-2.932	3.27575064	4
	0.015000	9.0000	2.12279797	2.1228	2.1611	3.6575	2.1858	-0.633	2.123	1.020	-0.123	-0.790	-1.312	-2.087	-2.704	-2.787	3.27575397	4
	0.015000	9.0000	2.12286520	2.1229	2.1227	3.6604	2.2358	-0.537	2.138	1.077	-0.048	-0.704	-1.219	-1.982	-2.591	-2.672	3.27575731	4
	0.015000	9.0000	2.12294316	2.1229	2.0843	3.6633	2.2857	-0.441	2.156	1.135	0.029	-0.617	-1.125	-1.877	-2.477	-2.557	3.27576113	4
	0.015000	9.0000	2.12305856	2.1231	2.0370	3.6667	2.3469	-0.322	2.182	1.209	0.125	-0.509	-1.009	-1.748	-2.338	-2.416	3.27576685	4
	0.015000	9.0000	2.12320900	2.1232	1.9896	3.6702	2.4084	-0.204	2.208	1.283	0.221	-0.401	-0.893	-1.618	-2.198	-2.274	3.27577424	4
	0.015000	9.0000	2.12343311	2.1234	1.9419	3.6737	2.4699	-0.085	2.239	1.360	0.320	-0.291	-0.775	-1.488	-2.058	-2.132	3.27578521	4
	0.015000	9.0000	2.12384701	2.1238	1.8870	3.6777	2.5409	0.052	2.285	1.452	0.434	-0.165	-0.640	-1.337	-1.896	-1.968	3.27580547	4
	0.015000	9.0000	2.12420249	2.1242	1.8411	3.6810	2.6001	0.167	2.333	1.533	0.530	-0.059	-0.527	-1.212	-1.761	-1.831	3.27582264	4
	0.015000	9.0000	2.12450981	2.1245	1.8016	3.6839	2.6512	0.266	2.376	1.604	0.613	0.032	-0.430	-1.104	-1.645	-1.713	3.27583766	4
	0.015000	9.0000	2.12494898	2.1249	1.7535	3.6873	2.7132	0.386	2.429	1.690	0.715	0.144	-0.311	-0.973	-1.503	-1.570	3.27585912	4
	0.015000	9.0000	2.12557864	2.1256	1.7039	3.6911	2.7778	0.510	2.482	1.778	0.820	0.259	-0.189	-0.837	-1.356	-1.421	3.27588987	4
	0.015000	9.0000	2.12647271	2.1265	1.6555	3.6948	2.8415	0.631	2.533	1.864	0.924	0.372	-0.068	-0.703	-1.211	-1.274	3.27593350	4
	0.015000	9.0000	2.12772632	2.1277	1.6167	3.6981	2.8937	0.728	2.569	1.931	1.006	0.463	0.028	-0.595	-1.094	-1.155	3.27599454	4
	0.015000	9.0000	2.12852693	2.1285	1.6066	3.6991	2.9079	0.754	2.576	1.947	1.026	0.486	0.053	-0.566	-1.062	-1.123	3.27603364	5
	0.015000	9.0000	2.15000010	2.1500	1.6351	3.6994	2.8848	0.682	2.499	1.873	0.953	0.414	-0.018	-0.637	-1.132	-1.192	3.27706480	5
	0.015000	9.0000	2.15164948	2.1516	1.6374	3.6994	2.8829	0.676	2.493	1.867	0.947	0.408	-0.024	-0.642	-1.137	-1.198	3.27714300	5
	0.015000	9.0000	2.18143845	2.1814	1.6795	3.7000	2.8491	0.571	2.376	1.757	0.839	0.302	-0.129	-0.746	-1.239	-1.299	3.27852941	5
	0.015000	9.0000	2.20000005	2.2000	1.7101	3.6999	2.8221	0.495	2.298	1.680	0.762	0.225	-0.206	-0.822	-1.315	-1.376	3.27936959	5
	0.015000	9.0000	2.20697141	2.2070	1.7220	3.6999	2.8115	0.465	2.269	1.651	0.733	0.196	-0.235	-0.852	-1.345	-1.405	3.27968049	5
	0.015000	9.0000	2.22745562	2.2275	1.7591	3.6994	2.7765	0.372	2.184	1.562	0.642	0.104	-0.328	-0.947	-1.441	-1.501	3.28058052	5
	0.015000	9.0000	2.25000000	2.2500	1.8024	3.6983	2.7329	0.264	2.096	1.465	0.538	-0.002	-0.436	-1.059	-1.556	-1.617	3.28154731	5
	0.015000	9.0000	2.26064110	2.2606	1.8244	3.6974	2.7093	0.209	2.058	1.418	0.487	-0.055	-0.491	-1.117	-1.617	-1.678	3.28199530	6
	0.015000	9.0000	2.26628089	2.2663	1.8375	3.6966	2.6942	0.176	2.039	1.392	0.458	-0.086	-0.523	-1.152	-1.654	-1.716	3.28223062	6
	0.015000	9.0000	2.28062868	2.2806	1.8771	3.6934	2.6447	0.077	1.998	1.322	0.374	-0.178	-0.622	-1.262	-1.773	-1.837	3.28282285	6
	0.015000	9.0000	2.28838968	2.2884	1.8964	3.6925	2.6231	0.029	1.967	1.283	0.330	-0.225	-0.670	-1.313	-1.827	-1.891	3.28313923	6
	0.015000	9.0000	2.29380727	2.2938	1.9346	3.6883	2.5691	-0.066	1.951	1.227	0.255	-0.311	-0.764	-1.423	-1.949	-2.016	3.28335857	6
	0.015000	9.0000	2.29540801	2.2954	1.9773	3.6839	2.5090	-0.173	1.930	1.163	0.172	-0.406	-0.868	-1.544	-2.084	-2.152	3.28342319	6
	0.015000	9.0000	2.29605174	2.2961	2.0186	3.6799	2.4522	-0.276	1.916	1.103	0.089	-0.501	-0.971	-1.660	-2.211	-2.281	3.28344917	6
	0.015000	9.0000	2.29636288	2.2964	2.0622	3.6760	2.3929	-0.385	1.905	1.041	0.004	-0.599	-1.078	-1.783	-2.344	-2.417	3.28346157	6
	0.015000	9.0000	2.29649878	2.2965	2.1024	3.6725	2.3388	-0.486	1.892	0.983	-0.076	-0.691	-1.177	-1.895	-2.466	-2.541	3.28346705	6
	0.015000	9.0000	2.29656625	2.2966	2.1373	3.6696	2.2922	-0.573	1.878	0.931	-0.146	-0.770	-1.263	-1.992	-2.571	-2.648	3.28346968	6
	0.015000	9.0000	2.29659796	2.2966	2.1597	3.6677	2.2621	-0.629	1.873	0.899	-0.190	-0.820	-1.318	-2.054	-2.639	-2.716	3.28347111	7
	0.015000	9.0000	2.29661918	2.2966	2.1760	3.6664	2.2406	-0.670	1.866	0.875	-0.222	-0.857	-1.358	-2.099	-2.687	-2.766	3.28347182	7
	0.015000	9.0000	2.29672670	2.2967	2.1810	3.6661	2.2344	-0.683	1.863	0.867	-0.232	-0.869	-1.370	-2.112	-2.702	-2.780	3.28347635	7
	0.015000	9.0000	2.29695821	2.2970	2.1526	3.6685	2.2723	-0.612	1.871	0.907	-0.177	-0.805	-1.301	-2.034	-2.616	-2.694	3.28348565	7
	0.015000	9.0000	2.29882908	2.2988	2.1623	3.6677	2.2598	-0.636	1.867	0.893	-0.196	-0.827	-1.325	-2.060	-2.646	-2.723	3.28356075	7
	0.015000	9.0000	2.29996419	2.3000	2.1928	3.6652	2.2198	-0.712	1.856	0.848	-0.256	-0.895	-1.399	-2.144	-2.736	-2.815	3.28360629	7
	0.015000	9.0000	2.29999995	2.3000	2.1939	3.6651	2.2183	-0.715	1.856	0.847	-0.258	-0.898	-1.402	-2.147	-2.740	-2.819	3.28360772	7
	0.015000	9.0000	2.30016804	2.3002	2.1995	3.6647	2.2109	-0.729	1.854	0.838	-0.270	-0.910	-1.415	-2.163	-2.756	-2.836	3.28361440	7
	0.015000	9.0000	2.30109406	2.3011	2.2397	3.6614	2.1580	-0.829	1.839	0.779	-0.349	-1.001	-1.513	-2.273	-2.876	-2.957	3.28365159	7
	0.015000	9.0000	2.30184889	2.3018	2.2828	3.6579	2.1008	-0.937	1.829	0.719	-0.432	-1.096	-1.618	-2.391	-3.005	-3.089	3.28368187	7
	0.015000	9.0000	2.30242062	2.3024	2.3244	3.6545	2.0458	-1.041	1.819	0.661	-0.512	-1.188	-1.719	-2.505	-3.129	-3.215	3.28370476	7
	0.015000	9.0000	2.30288625	2.3029	2.3659	3.6512	1.9912	-1.145	1.811	0.604	-0.591	-1.280	-1.819	-2.619	-3.252	-3.340	3.28372335	7
	0.015000	9.0000	2.30324578	2.3032	2.4075	3.6477	1.9358	-1.249	1.821	0.553	-0.667	-1.370	-1.919	-2.733	-3.376	-3.467	3.28373766	7
	0.015000	9.0000	2.30345988	2.3035	2.4440	3.6447	1.8871	-1.340	1.830	0.509	-0.733	-1.448	-2.006	-2.833	-3.485	-3.578	3.28374624	7
	0.015000	9.0000	2.30370069	2.3037	2.4836	3.6415	1.8349	-1.439	1.836	0.459	-0.806	-1.534	-2.101	-2.940	-3.602	-3.697	3.28375578	7
	0.015000	9.0000	2.30396080	2.3040	2.5208	3.6384	1.7854	-1.532	1.846	0.415	-0.872	-1.613	-2.190	-3.042	-3.712	-3.809	3.28376627	7
	0.015000	9.0000	2.30422616	2.3042	2.5598	3.6352	1.7334	-1.629	1.857	0.371	-0.940	-1.695	-2.282	-3.148	-3.827	-3.928	3.28377676	7
	0.015000	9.0000	2.30448127	2.3045	2.5992	3.6320	1.6812	-1.728	1.867	0.324	-1.010	-1.778	-2.376	-3.255	-3.943	-4.047	3.28378701	7
	0.015000	9.0000	2.30473304	2.3047	2.6394	3.6287	1.6279	-1.828	1.877	0.278	-1.079	-1.861	-2.471	-3.363	-4.061	-4.167	3.28379703	7
	0.015000	9.0000	2.30498195	2.3050	2.6802	3.6252	1.5732	-1.930	1.892	0.235	-1.147	-1.944	-2.567	-3.473	-4.181	-4.291	3.28380704	7
	0.015000	9.0000	2.30522561	2.3052	2.7215	3.6218	1.5185	-2.034	1.902	0.189	-1.218	-2.029	-2.664	-3.584	-4.301	-4.414	3.28381658	7
	0.015000	9.0000	2.30546570	2.3055	2.7630	3.6183	1.4631	-2.137	1.909	0.142	-1.286	-2.111	-2.760	-3.695	-4.423	-4.539	3.28382611	7
	0.015000	9.0000	2.30570745	2.3057	2.8063	3.6146	1.4051	-2.246	1.913	0.093	-1.355	-2.193	-2.860	-3.811	-4.550	-4.671	3.28383589	7
	0.015000	9.0000	2.30592442	2.3059	2.8548	3.6105	1.3399	-2.367	1.920	0.038	-1.432	-2.286	-2.972	-3.941	-4.692	-4.818	3.28384447	7
	0.015000	9.0000	2.30668855	2.3067	3.2809	3.5716	0.7583	-3.432	2.124	-0.275	-1.940	-2.925	-3.935	-5.089	-5.922	-6.114	3.28387499	8
