# File generated by CMD 2.8 (http://stev.oapd.inaf.it/cmd) on Fri Jul 15 04:08:43 CEST 2016
# PARSEC isochrones, release v1.2S
# Basic references: Bressan et al. (2012), MNRAS, 427, 127 + Chen et al. (2014, 2015), MNRAS, 444, 2525 + MNRAS, 452, 1068 + Tang et al. (2014), MNRAS, 445, 4287
# Warning: you choose not to include the TP-AGB phase!
# Photometric system: <i>UBVRIJHK</i> (cf. Maiz-Apellaniz 2006 + Bessell 1990)
# Using NBC version of bolometric corrections as in Chen et al. (2014), MNRAS, 444, 2525
# BCs of Carbon stars derive from Aringer et al. (2009, A&A 503, 913)
# O-rich circumstellar dust ignored
# C-rich circumstellar dust ignored
# IMF: Chabrier (2001) lognormal 
# On RGB, assumed Reimers mass loss with efficiency eta=0.2
# Kind of output: isochrone tables
#	Isochrone  Z = 0.00015	Y = 0.24900	[M/H] = -2.015	eta_R = 0.200	Age = 	1.0000e+09 yr
#      Z	log(age/yr)	M_ini   	M_act	logL/Lo	logTe	logG	mbol    U       B       V       R       I       J       H       K	int_IMF	stage
	0.000150	9.0000	0.09415038	0.0942	-3.0070	3.5196	5.4494	12.287	17.929	15.829	13.974	12.674	11.533	10.442	10.139	10.053	1.51154673	0
	0.000150	9.0000	0.09503609	0.0950	-2.9907	3.5217	5.4452	12.247	17.810	15.748	13.906	12.620	11.494	10.408	10.096	10.008	1.52067649	0
	0.000150	9.0000	0.10037825	0.1004	-2.8720	3.5371	5.4121	11.950	16.925	15.142	13.416	12.219	11.215	10.166	9.792	9.683	1.57409418	0
	0.000150	9.0000	0.10574549	0.1057	-2.7458	3.5538	5.3755	11.635	16.021	14.505	12.914	11.803	10.913	9.910	9.481	9.355	1.62495613	1
	0.000150	9.0000	0.10830075	0.1083	-2.6859	3.5618	5.3575	11.485	15.610	14.209	12.683	11.611	10.769	9.788	9.337	9.205	1.64822137	1
	0.000150	9.0000	0.12830074	0.1283	-2.4395	3.5857	5.2803	10.869	14.281	13.190	11.849	10.899	10.163	9.253	8.749	8.599	1.81244767	1
	0.000150	9.0000	0.14830074	0.1483	-2.2795	3.5978	5.2320	10.469	13.563	12.608	11.351	10.462	9.766	8.892	8.371	8.212	1.95024216	1
	0.000150	9.0000	0.17660150	0.1766	-2.1168	3.6085	5.1878	10.062	12.903	12.055	10.864	10.026	9.359	8.518	7.990	7.824	2.11144090	1
	0.000150	9.0000	0.22075188	0.2208	-1.9188	3.6203	5.1339	9.567	12.149	11.410	10.284	9.500	8.864	8.058	7.528	7.360	2.30619311	1
	0.000150	9.0000	0.27075186	0.2708	-1.7413	3.6304	5.0856	9.123	11.495	10.845	9.771	9.030	8.420	7.643	7.117	6.953	2.47062230	1
	0.000150	9.0000	0.34999999	0.3500	-1.5157	3.6435	5.0240	8.559	10.678	10.138	9.125	8.435	7.855	7.117	6.601	6.446	2.65552020	1
	0.000150	9.0000	0.36647350	0.3665	-1.4708	3.6463	5.0099	8.447	10.515	9.997	8.996	8.316	7.742	7.013	6.499	6.346	2.68586826	1
	0.000150	9.0000	0.40000001	0.4000	-1.3828	3.6514	4.9805	8.227	10.200	9.725	8.746	8.085	7.523	6.808	6.299	6.151	2.74133730	1
	0.000150	9.0000	0.44999999	0.4500	-1.2440	3.6640	4.9432	7.880	9.629	9.257	8.332	7.713	7.178	6.498	6.006	5.869	2.81098008	1
	0.000150	9.0000	0.50000000	0.5000	-1.0906	3.6793	4.8968	7.496	8.983	8.737	7.875	7.304	6.801	6.165	5.694	5.572	2.86847806	1
	0.000150	9.0000	0.55000001	0.5500	-0.9295	3.6956	4.8423	7.094	8.325	8.204	7.409	6.883	6.411	5.820	5.376	5.267	2.91663504	1
	0.000150	9.0000	0.60000002	0.6000	-0.7641	3.7156	4.7945	6.680	7.639	7.650	6.936	6.458	6.022	5.483	5.072	4.980	2.95739889	1
	0.000150	9.0000	0.64999998	0.6500	-0.6027	3.7370	4.7537	6.277	6.995	7.119	6.486	6.054	5.655	5.170	4.793	4.717	2.99236870	1
	0.000150	9.0000	0.69999999	0.7000	-0.4483	3.7594	4.7211	5.891	6.414	6.623	6.068	5.679	5.318	4.885	4.542	4.482	3.02253795	1
	0.000150	9.0000	0.75000000	0.7500	-0.3030	3.7806	4.6903	5.528	5.920	6.180	5.689	5.339	5.009	4.621	4.306	4.262	3.04879928	1
	0.000150	9.0000	0.76095980	0.7609	-0.2726	3.7844	4.6816	5.452	5.820	6.087	5.613	5.272	4.950	4.569	4.256	4.217	3.05410814	1
	0.000150	9.0000	0.80000001	0.8000	-0.1675	3.7977	4.6512	5.189	5.485	5.770	5.347	5.039	4.740	4.383	4.084	4.059	3.07187057	1
	0.000150	9.0000	0.85000002	0.8499	-0.0390	3.8140	4.6142	4.867	5.115	5.396	5.017	4.737	4.465	4.144	3.874	3.858	3.09222293	1
	0.000150	9.0000	0.89974946	0.8997	0.0822	3.8297	4.5808	4.564	4.784	5.044	4.702	4.450	4.203	3.919	3.681	3.669	3.11017585	1
	0.000150	9.0000	0.89999998	0.8999	0.0828	3.8298	4.5806	4.563	4.782	5.042	4.700	4.449	4.202	3.918	3.680	3.668	3.11026096	1
	0.000150	9.0000	0.94874108	0.9486	0.1949	3.8455	4.5540	4.283	4.488	4.714	4.407	4.183	3.963	3.715	3.510	3.501	3.12597227	1
	0.000150	9.0000	0.94999999	0.9499	0.1978	3.8459	4.5533	4.276	4.480	4.706	4.400	4.176	3.957	3.710	3.506	3.497	3.12635612	1
	0.000150	9.0000	0.98704010	0.9869	0.2789	3.8583	4.5387	4.073	4.271	4.465	4.185	3.985	3.787	3.570	3.391	3.384	3.13720322	1
	0.000150	9.0000	1.00000000	0.9999	0.3068	3.8626	4.5336	4.003	4.200	4.382	4.112	3.920	3.730	3.521	3.352	3.346	3.14080405	1
	0.000150	9.0000	1.03434741	1.0342	0.3786	3.8756	4.5285	3.823	4.019	4.165	3.921	3.753	3.587	3.408	3.266	3.261	3.14988351	1
	0.000150	9.0000	1.04999995	1.0499	0.4109	3.8816	4.5264	3.743	3.938	4.068	3.835	3.679	3.524	3.359	3.229	3.223	3.15380883	1
	0.000150	9.0000	1.07433558	1.0742	0.4593	3.8917	4.5287	3.622	3.818	3.920	3.707	3.571	3.435	3.292	3.182	3.177	3.15966654	1
	0.000150	9.0000	1.10000002	1.0998	0.5096	3.9023	4.5310	3.496	3.693	3.768	3.576	3.460	3.344	3.223	3.133	3.129	3.16554141	1
	0.000150	9.0000	1.11960006	1.1194	0.5470	3.9103	4.5332	3.402	3.601	3.657	3.480	3.379	3.279	3.174	3.099	3.094	3.16983271	1
	0.000150	9.0000	1.14999998	1.1498	0.6041	3.9224	4.5363	3.260	3.463	3.492	3.341	3.263	3.184	3.103	3.047	3.042	3.17617631	1
	0.000150	9.0000	1.15444386	1.1543	0.6122	3.9241	4.5366	3.239	3.443	3.469	3.322	3.247	3.170	3.093	3.039	3.034	3.17707348	1
	0.000150	9.0000	1.20000005	1.1998	0.6950	3.9413	4.5392	3.032	3.248	3.250	3.141	3.094	3.043	2.994	2.962	2.957	3.18585706	1
	0.000150	9.0000	1.22677362	1.2266	0.7426	3.9510	4.5402	2.914	3.137	3.135	3.045	3.012	2.975	2.940	2.917	2.913	3.19069147	1
	0.000150	9.0000	1.25000000	1.2498	0.7836	3.9593	4.5405	2.811	3.041	3.041	2.967	2.943	2.915	2.892	2.877	2.874	3.19470429	1
	0.000150	9.0000	1.29999995	1.2998	0.8706	3.9766	4.5398	2.593	2.834	2.853	2.808	2.801	2.792	2.792	2.789	2.789	3.20280719	1
	0.000150	9.0000	1.31351006	1.3133	0.8943	3.9812	4.5390	2.534	2.778	2.804	2.766	2.763	2.758	2.764	2.764	2.765	3.20487690	1
	0.000150	9.0000	1.35000002	1.3498	0.9584	3.9935	4.5358	2.374	2.627	2.678	2.657	2.663	2.668	2.689	2.696	2.699	3.21023273	1
	0.000150	9.0000	1.36692810	1.3667	0.9878	3.9990	4.5340	2.301	2.558	2.621	2.608	2.617	2.627	2.654	2.664	2.668	3.21260762	1
	0.000150	9.0000	1.39999998	1.3998	1.0456	4.0098	4.5298	2.156	2.424	2.515	2.516	2.531	2.547	2.586	2.600	2.607	3.21705914	1
	0.000150	9.0000	1.42038560	1.4202	1.0815	4.0165	4.5267	2.066	2.342	2.450	2.460	2.478	2.497	2.544	2.560	2.569	3.21968627	1
	0.000150	9.0000	1.44744205	1.4472	1.1301	4.0253	4.5215	1.945	2.232	2.364	2.384	2.406	2.430	2.486	2.505	2.516	3.22304368	1
	0.000150	9.0000	1.45000005	1.4498	1.1347	4.0261	4.5210	1.933	2.221	2.356	2.377	2.399	2.424	2.480	2.500	2.511	3.22335362	1
	0.000150	9.0000	1.45098996	1.4508	1.1364	4.0264	4.5208	1.929	2.217	2.353	2.374	2.396	2.421	2.478	2.498	2.509	3.22347331	1
	0.000150	9.0000	1.47546041	1.4753	1.1810	4.0344	4.5154	1.818	2.118	2.275	2.305	2.330	2.359	2.424	2.447	2.460	3.22637343	1
	0.000150	9.0000	1.49786973	1.4977	1.2222	4.0414	4.5090	1.715	2.026	2.203	2.241	2.268	2.300	2.372	2.397	2.411	3.22893500	1
	0.000150	9.0000	1.50000000	1.4998	1.2261	4.0421	4.5083	1.705	2.017	2.196	2.234	2.262	2.294	2.367	2.392	2.407	3.22917390	1
	0.000150	9.0000	1.51443994	1.5143	1.2524	4.0463	4.5031	1.639	1.958	2.149	2.192	2.221	2.255	2.332	2.358	2.374	3.23077393	1
	0.000150	9.0000	1.53634632	1.5362	1.2929	4.0520	4.4917	1.538	1.866	2.074	2.122	2.153	2.189	2.272	2.299	2.317	3.23313594	1
	0.000150	9.0000	1.54999995	1.5498	1.3183	4.0551	4.4823	1.474	1.808	2.025	2.076	2.108	2.145	2.230	2.259	2.277	3.23456979	1
	0.000150	9.0000	1.56126976	1.5611	1.3389	4.0573	4.4738	1.423	1.760	1.983	2.037	2.069	2.108	2.195	2.224	2.243	3.23573208	1
	0.000150	9.0000	1.58396447	1.5838	1.3804	4.0607	4.4523	1.319	1.661	1.895	1.952	1.986	2.026	2.116	2.146	2.165	3.23801541	1
	0.000150	9.0000	1.60000002	1.5999	1.4099	4.0622	4.4330	1.245	1.589	1.828	1.887	1.921	1.961	2.053	2.083	2.103	3.23958373	1
	0.000150	9.0000	1.61922240	1.6191	1.4457	4.0629	4.4051	1.156	1.499	1.741	1.802	1.836	1.876	1.969	1.999	2.019	3.24141526	1
	0.000150	9.0000	1.64035642	1.6403	1.4856	4.0622	4.3680	1.056	1.395	1.637	1.698	1.732	1.772	1.864	1.894	1.914	3.24337006	1
	0.000150	9.0000	1.64999998	1.6500	1.5043	4.0612	4.3479	1.009	1.345	1.585	1.646	1.680	1.720	1.810	1.840	1.860	3.24424219	1
	0.000150	9.0000	1.65933943	1.6593	1.5223	4.0601	4.3282	0.964	1.297	1.535	1.596	1.629	1.668	1.758	1.787	1.807	3.24507523	1
	0.000150	9.0000	1.68064809	1.6806	1.5652	4.0558	4.2733	0.857	1.177	1.405	1.465	1.497	1.534	1.619	1.647	1.666	3.24693513	1
	0.000150	9.0000	1.69969189	1.6997	1.6059	4.0508	4.2177	0.755	1.062	1.278	1.337	1.367	1.402	1.483	1.509	1.527	3.24855042	1
	0.000150	9.0000	1.70000005	1.7000	1.6067	4.0507	4.2167	0.753	1.060	1.276	1.335	1.365	1.400	1.480	1.506	1.525	3.24857616	1
	0.000150	9.0000	1.71664822	1.7166	1.6459	4.0468	4.1661	0.655	0.952	1.158	1.216	1.245	1.278	1.355	1.379	1.397	3.24995279	1
	0.000150	9.0000	1.72521889	1.7252	1.6784	4.0587	4.1832	0.574	0.894	1.134	1.200	1.232	1.270	1.358	1.386	1.406	3.25064898	1
	0.000150	9.0000	1.72686076	1.7269	1.6938	4.0689	4.2089	0.535	0.878	1.146	1.218	1.253	1.295	1.392	1.423	1.446	3.25078154	1
	0.000150	9.0000	1.72753513	1.7275	1.7110	4.0792	4.2332	0.492	0.860	1.155	1.233	1.270	1.317	1.424	1.457	1.482	3.25083590	1
	0.000150	9.0000	1.72787619	1.7279	1.7312	4.0885	4.2504	0.442	0.833	1.152	1.235	1.276	1.325	1.441	1.476	1.503	3.25086331	1
	0.000150	9.0000	1.72801566	1.7280	1.7416	4.0926	4.2563	0.416	0.817	1.147	1.233	1.274	1.325	1.444	1.481	1.509	3.25087452	2
	0.000150	9.0000	1.72812891	1.7281	1.7322	4.0855	4.2375	0.439	0.822	1.134	1.216	1.255	1.304	1.417	1.452	1.478	3.25088358	2
	0.000150	9.0000	1.72826135	1.7283	1.7350	4.0758	4.1958	0.432	0.790	1.077	1.154	1.191	1.235	1.340	1.372	1.396	3.25089431	2
	0.000150	9.0000	1.72843301	1.7284	1.7542	4.0662	4.1385	0.385	0.717	0.981	1.053	1.087	1.128	1.223	1.253	1.275	3.25090814	2
	0.000150	9.0000	1.72870183	1.7287	1.7739	4.0559	4.0773	0.335	0.642	0.879	0.947	0.978	1.015	1.100	1.127	1.147	3.25092959	2
	0.000150	9.0000	1.72911823	1.7291	1.7892	4.0443	4.0160	0.297	0.579	0.784	0.847	0.874	0.906	0.980	1.003	1.021	3.25096321	2
	0.000150	9.0000	1.72969592	1.7297	1.8011	4.0319	3.9547	0.267	0.524	0.696	0.751	0.774	0.800	0.862	0.881	0.896	3.25100946	2
	0.000150	9.0000	1.73036766	1.7304	1.8110	4.0191	3.8937	0.242	0.476	0.614	0.659	0.678	0.698	0.746	0.762	0.773	3.25106335	2
	0.000150	9.0000	1.73103130	1.7310	1.8194	4.0062	3.8335	0.221	0.436	0.537	0.573	0.587	0.600	0.634	0.645	0.653	3.25111675	2
	0.000150	9.0000	1.73162246	1.7316	1.8264	3.9932	3.7748	0.204	0.403	0.468	0.493	0.501	0.508	0.526	0.532	0.537	3.25116396	2
	0.000150	9.0000	1.73212624	1.7321	1.8321	3.9803	3.7177	0.190	0.378	0.408	0.420	0.422	0.420	0.423	0.423	0.425	3.25120425	2
	0.000150	9.0000	1.73255336	1.7326	1.8366	3.9675	3.6620	0.178	0.362	0.358	0.356	0.350	0.339	0.324	0.318	0.317	3.25123835	2
	0.000150	9.0000	1.73291898	1.7329	1.8402	3.9547	3.6075	0.170	0.352	0.318	0.300	0.285	0.263	0.230	0.216	0.212	3.25126767	2
	0.000150	9.0000	1.73323691	1.7332	1.8429	3.9420	3.5538	0.163	0.348	0.289	0.253	0.227	0.192	0.140	0.117	0.110	3.25129318	2
	0.000150	9.0000	1.73351693	1.7335	1.8449	3.9291	3.5005	0.158	0.349	0.270	0.215	0.175	0.126	0.053	0.018	0.009	3.25131536	2
	0.000150	9.0000	1.73376644	1.7338	1.8463	3.9162	3.4477	0.154	0.352	0.268	0.189	0.131	0.064	-0.031	-0.081	-0.092	3.25133538	2
	0.000150	9.0000	1.73399138	1.7340	1.8472	3.9033	3.3952	0.152	0.357	0.279	0.171	0.092	0.006	-0.112	-0.179	-0.191	3.25135326	2
	0.000150	9.0000	1.73419547	1.7342	1.8476	3.8904	3.3431	0.151	0.368	0.303	0.162	0.060	-0.048	-0.190	-0.276	-0.289	3.25136971	2
	0.000150	9.0000	1.73438168	1.7344	1.8475	3.8774	3.2914	0.151	0.381	0.338	0.165	0.038	-0.094	-0.263	-0.372	-0.386	3.25138450	2
	0.000150	9.0000	1.73455274	1.7346	1.8471	3.8645	3.2400	0.152	0.397	0.379	0.173	0.020	-0.136	-0.333	-0.467	-0.482	3.25139809	2
	0.000150	9.0000	1.73471081	1.7347	1.8462	3.8515	3.1888	0.154	0.417	0.424	0.186	0.008	-0.173	-0.399	-0.560	-0.577	3.25141072	2
	0.000150	9.0000	1.73485720	1.7349	1.8450	3.8385	3.1381	0.158	0.439	0.473	0.203	-0.001	-0.207	-0.463	-0.652	-0.670	3.25142241	2
	0.000150	9.0000	1.73499382	1.7350	1.8434	3.8256	3.0881	0.162	0.467	0.525	0.223	-0.007	-0.237	-0.524	-0.741	-0.761	3.25143337	2
	0.000150	9.0000	1.73512161	1.7351	1.8414	3.8131	3.0404	0.166	0.499	0.579	0.245	-0.010	-0.263	-0.579	-0.825	-0.847	3.25144339	2
	0.000150	9.0000	1.73524261	1.7352	1.8390	3.8020	2.9985	0.173	0.534	0.630	0.266	-0.009	-0.283	-0.626	-0.898	-0.922	3.25145316	2
	0.000150	9.0000	1.73536265	1.7354	1.8360	3.7925	2.9633	0.180	0.571	0.685	0.291	-0.006	-0.296	-0.664	-0.956	-0.985	3.25146270	2
	0.000150	9.0000	1.73549783	1.7355	1.8317	3.7837	2.9324	0.191	0.611	0.747	0.321	0.002	-0.304	-0.694	-1.005	-1.040	3.25147343	2
	0.000150	9.0000	1.73567188	1.7357	1.8244	3.7745	2.9032	0.209	0.667	0.814	0.356	0.017	-0.306	-0.719	-1.051	-1.091	3.25148726	2
	0.000150	9.0000	1.73589861	1.7359	1.8119	3.7647	2.8764	0.240	0.745	0.892	0.404	0.046	-0.295	-0.733	-1.087	-1.131	3.25150537	2
	0.000150	9.0000	1.73618281	1.7362	1.7932	3.7548	2.8557	0.287	0.843	0.987	0.468	0.091	-0.267	-0.729	-1.104	-1.154	3.25152802	3
	0.000150	9.0000	1.73641396	1.7364	1.7913	3.7492	2.8352	0.292	0.881	1.020	0.482	0.094	-0.273	-0.749	-1.136	-1.189	3.25154638	3
	0.000150	9.0000	1.73687363	1.7369	1.8065	3.7407	2.7863	0.254	0.901	1.026	0.460	0.055	-0.327	-0.824	-1.227	-1.285	3.25158286	3
	0.000150	9.0000	1.73727274	1.7373	1.8382	3.7369	2.7394	0.174	0.852	0.968	0.388	-0.024	-0.412	-0.920	-1.331	-1.391	3.25161457	3
	0.000150	9.0000	1.73766899	1.7377	1.8711	3.7344	2.6966	0.092	0.791	0.899	0.311	-0.106	-0.499	-1.013	-1.429	-1.491	3.25164604	3
	0.000150	9.0000	1.73811853	1.7381	1.9084	3.7321	2.6501	-0.001	0.716	0.818	0.222	-0.199	-0.596	-1.117	-1.538	-1.600	3.25168180	3
	0.000150	9.0000	1.73850882	1.7385	1.9407	3.7304	2.6109	-0.082	0.650	0.746	0.145	-0.280	-0.679	-1.205	-1.630	-1.693	3.25171280	3
	0.000150	9.0000	1.73895156	1.7390	1.9769	3.7286	2.5679	-0.172	0.575	0.665	0.058	-0.370	-0.772	-1.303	-1.732	-1.796	3.25174785	3
	0.000150	9.0000	1.73913431	1.7391	1.9915	3.7280	2.5508	-0.209	0.544	0.632	0.023	-0.406	-0.809	-1.342	-1.772	-1.837	3.25176239	3
	0.000150	9.0000	1.73946822	1.7395	2.0181	3.7269	2.5197	-0.275	0.488	0.572	-0.041	-0.472	-0.878	-1.413	-1.846	-1.911	3.25178885	3
	0.000150	9.0000	1.74000251	1.7400	2.0600	3.7251	2.4708	-0.380	0.402	0.477	-0.142	-0.576	-0.985	-1.525	-1.962	-2.028	3.25183105	3
	0.000150	9.0000	1.74055028	1.7406	2.1020	3.7233	2.4219	-0.485	0.316	0.382	-0.244	-0.681	-1.093	-1.638	-2.079	-2.146	3.25187445	3
	0.000150	9.0000	1.74101663	1.7410	2.1373	3.7219	2.3810	-0.573	0.243	0.302	-0.329	-0.770	-1.183	-1.732	-2.177	-2.244	3.25191116	3
	0.000150	9.0000	1.74147606	1.7415	2.1713	3.7204	2.3413	-0.658	0.173	0.225	-0.411	-0.855	-1.271	-1.824	-2.271	-2.339	3.25194764	3
	0.000150	9.0000	1.74197745	1.7420	2.2082	3.7189	2.2983	-0.750	0.099	0.143	-0.500	-0.947	-1.365	-1.922	-2.373	-2.442	3.25198722	3
	0.000150	9.0000	1.74244583	1.7424	2.2423	3.7174	2.2586	-0.836	0.032	0.067	-0.582	-1.032	-1.453	-2.014	-2.468	-2.538	3.25202417	3
	0.000150	9.0000	1.74292421	1.7429	2.2771	3.7160	2.2181	-0.923	-0.038	-0.011	-0.666	-1.118	-1.542	-2.107	-2.565	-2.635	3.25206184	3
	0.000150	9.0000	1.74336553	1.7434	2.3080	3.7146	2.1819	-1.000	-0.099	-0.079	-0.740	-1.195	-1.621	-2.190	-2.651	-2.722	3.25209665	3
	0.000150	9.0000	1.74361372	1.7436	2.3250	3.7139	2.1621	-1.042	-0.133	-0.117	-0.780	-1.238	-1.664	-2.236	-2.698	-2.770	3.25211620	4
	0.000150	9.0000	1.74374628	1.7437	2.2039	3.7198	2.3069	-0.740	0.100	0.146	-0.492	-0.936	-1.353	-1.908	-2.357	-2.425	3.25212669	4
	0.000150	9.0000	1.74376523	1.7438	2.1843	3.7208	2.3304	-0.691	0.138	0.190	-0.445	-0.887	-1.303	-1.855	-2.301	-2.369	3.25212812	4
	0.000150	9.0000	1.74377429	1.7438	2.1740	3.7213	2.3427	-0.665	0.159	0.213	-0.420	-0.862	-1.276	-1.827	-2.272	-2.340	3.25212884	4
	0.000150	9.0000	1.74378598	1.7438	2.1610	3.7219	2.3582	-0.632	0.185	0.242	-0.389	-0.829	-1.243	-1.791	-2.236	-2.303	3.25212979	4
	0.000150	9.0000	1.74379897	1.7438	2.1468	3.7226	2.3751	-0.597	0.213	0.273	-0.355	-0.794	-1.206	-1.753	-2.196	-2.263	3.25213075	4
	0.000150	9.0000	1.74381495	1.7438	2.1287	3.7235	2.3967	-0.552	0.249	0.313	-0.312	-0.749	-1.159	-1.704	-2.145	-2.211	3.25213194	4
	0.000150	9.0000	1.74383438	1.7438	2.1065	3.7246	2.4233	-0.496	0.293	0.362	-0.258	-0.693	-1.102	-1.644	-2.082	-2.148	3.25213361	4
	0.000150	9.0000	1.74385858	1.7439	2.0778	3.7260	2.4576	-0.424	0.350	0.426	-0.189	-0.621	-1.028	-1.566	-2.001	-2.067	3.25213552	4
	0.000150	9.0000	1.74388897	1.7439	2.0514	3.7272	2.4890	-0.358	0.403	0.485	-0.126	-0.555	-0.960	-1.494	-1.927	-1.992	3.25213790	4
	0.000150	9.0000	1.74393535	1.7439	2.0234	3.7285	2.5222	-0.289	0.460	0.548	-0.059	-0.486	-0.888	-1.419	-1.849	-1.913	3.25214148	4
	0.000150	9.0000	1.74402535	1.7440	1.9882	3.7301	2.5639	-0.200	0.534	0.627	0.026	-0.398	-0.798	-1.324	-1.751	-1.814	3.25214863	4
	0.000150	9.0000	1.74422741	1.7442	1.9535	3.7318	2.6055	-0.114	0.606	0.705	0.109	-0.312	-0.709	-1.230	-1.653	-1.715	3.25216436	4
	0.000150	9.0000	1.74507010	1.7451	1.9059	3.7355	2.6680	0.005	0.695	0.804	0.221	-0.193	-0.584	-1.096	-1.510	-1.570	3.25223064	4
	0.000150	9.0000	1.74618423	1.7462	1.8827	3.7382	2.7021	0.063	0.732	0.848	0.274	-0.135	-0.521	-1.026	-1.435	-1.494	3.25231814	4
	0.000150	9.0000	1.74789679	1.7479	1.8630	3.7407	2.7321	0.112	0.761	0.883	0.318	-0.086	-0.468	-0.966	-1.370	-1.427	3.25245237	5
	0.000150	9.0000	1.74946535	1.7495	1.8729	3.7420	2.7281	0.088	0.728	0.851	0.291	-0.111	-0.490	-0.985	-1.386	-1.443	3.25257516	5
	0.000150	9.0000	1.75000000	1.7500	1.8750	3.7429	2.7295	0.082	0.716	0.841	0.284	-0.116	-0.494	-0.987	-1.386	-1.442	3.25261688	5
	0.000150	9.0000	1.75266671	1.7527	1.8867	3.7475	2.7369	0.053	0.657	0.787	0.246	-0.145	-0.514	-0.996	-1.386	-1.440	3.25282478	5
	0.000150	9.0000	1.75610805	1.7561	1.9250	3.7579	2.7410	-0.042	0.502	0.637	0.130	-0.240	-0.591	-1.047	-1.415	-1.463	3.25309181	5
	0.000150	9.0000	1.75861478	1.7586	1.9545	3.7689	2.7561	-0.116	0.375	0.509	0.037	-0.312	-0.644	-1.072	-1.416	-1.459	3.25328565	5
	0.000150	9.0000	1.76069987	1.7607	1.9754	3.7810	2.7844	-0.168	0.267	0.396	-0.037	-0.361	-0.671	-1.067	-1.381	-1.419	3.25344634	5
	0.000150	9.0000	1.76250422	1.7625	1.9909	3.7957	2.8279	-0.207	0.181	0.270	-0.110	-0.397	-0.679	-1.038	-1.321	-1.349	3.25358486	5
	0.000150	9.0000	1.76374912	1.7637	2.0005	3.8078	2.8673	-0.231	0.122	0.189	-0.154	-0.416	-0.676	-1.005	-1.259	-1.283	3.25368047	5
	0.000150	9.0000	1.76495850	1.7650	2.0092	3.8200	2.9076	-0.253	0.070	0.117	-0.193	-0.431	-0.668	-0.967	-1.193	-1.215	3.25377297	5
	0.000150	9.0000	1.76598108	1.7660	2.0161	3.8300	2.9410	-0.270	0.032	0.059	-0.224	-0.442	-0.661	-0.935	-1.138	-1.159	3.25385118	5
	0.000150	9.0000	1.76699841	1.7670	2.0224	3.8385	2.9688	-0.286	0.001	0.011	-0.251	-0.451	-0.653	-0.909	-1.093	-1.112	3.25392890	5
	0.000150	9.0000	1.76807952	1.7681	2.0289	3.8464	2.9942	-0.302	-0.028	-0.034	-0.276	-0.460	-0.647	-0.884	-1.051	-1.069	3.25401115	5
	0.000150	9.0000	1.76923764	1.7692	2.0353	3.8524	3.0121	-0.318	-0.053	-0.072	-0.299	-0.470	-0.646	-0.869	-1.023	-1.040	3.25409937	5
	0.000150	9.0000	1.77049625	1.7705	2.0419	3.8576	3.0265	-0.335	-0.077	-0.108	-0.321	-0.482	-0.647	-0.858	-1.001	-1.018	3.25419497	5
	0.000150	9.0000	1.77187216	1.7719	2.0490	3.8628	3.0406	-0.353	-0.103	-0.144	-0.343	-0.493	-0.648	-0.848	-0.980	-0.997	3.25429940	5
	0.000150	9.0000	1.77332437	1.7733	2.0564	3.8679	3.0539	-0.371	-0.129	-0.179	-0.365	-0.505	-0.650	-0.839	-0.961	-0.977	3.25440931	5
	0.000150	9.0000	1.77516735	1.7752	2.0657	3.8736	3.0679	-0.394	-0.160	-0.221	-0.391	-0.519	-0.653	-0.830	-0.942	-0.957	3.25454855	5
	0.000150	9.0000	1.77754724	1.7775	2.0774	3.8795	3.0806	-0.424	-0.197	-0.270	-0.423	-0.539	-0.662	-0.826	-0.926	-0.942	3.25472808	5
	0.000150	9.0000	1.78669369	1.7867	2.1216	3.8956	3.1028	-0.534	-0.330	-0.425	-0.531	-0.615	-0.710	-0.842	-0.916	-0.930	3.25541186	5
	0.000150	9.0000	1.79356110	1.7936	2.1542	3.9032	3.1024	-0.616	-0.421	-0.522	-0.606	-0.677	-0.759	-0.877	-0.941	-0.954	3.25591969	5
	0.000150	9.0000	1.79999995	1.8000	2.1845	3.9102	3.1018	-0.691	-0.506	-0.607	-0.674	-0.733	-0.805	-0.909	-0.964	-0.976	3.25639176	5
	0.000150	9.0000	1.80369842	1.8037	2.2019	3.9142	3.1009	-0.735	-0.554	-0.653	-0.712	-0.765	-0.831	-0.929	-0.978	-0.990	3.25666118	5
	0.000150	9.0000	1.81266785	1.8127	2.2433	3.9209	3.0884	-0.838	-0.667	-0.761	-0.805	-0.849	-0.904	-0.990	-1.032	-1.042	3.25730896	5
	0.000150	9.0000	1.81585026	1.8159	2.2579	3.9222	3.0800	-0.875	-0.705	-0.797	-0.839	-0.881	-0.935	-1.018	-1.059	-1.068	3.25753713	6
	0.000150	9.0000	1.82225466	1.8223	2.2875	3.9171	3.0315	-0.949	-0.776	-0.875	-0.923	-0.971	-1.031	-1.124	-1.169	-1.180	3.25799298	6
	0.000150	9.0000	1.82660007	1.8266	2.3082	3.9092	2.9802	-1.001	-0.820	-0.927	-0.988	-1.046	-1.118	-1.224	-1.279	-1.291	3.25830030	6
	0.000150	9.0000	1.82802415	1.8280	2.3169	3.9060	2.9591	-1.022	-0.839	-0.947	-1.014	-1.076	-1.153	-1.265	-1.324	-1.336	3.25840068	6
	0.000150	9.0000	1.82858694	1.8286	2.3174	3.9052	2.9555	-1.024	-0.839	-0.948	-1.016	-1.080	-1.158	-1.271	-1.331	-1.344	3.25844026	6
	0.000150	9.0000	1.82967865	1.8297	2.3235	3.8979	2.9204	-1.039	-0.846	-0.956	-1.040	-1.115	-1.204	-1.331	-1.400	-1.414	3.25851679	6
	0.000150	9.0000	1.83046162	1.8305	2.3282	3.8904	2.8861	-1.050	-0.847	-0.956	-1.058	-1.145	-1.245	-1.387	-1.467	-1.481	3.25857186	6
	0.000150	9.0000	1.83107030	1.8311	2.3319	3.8829	2.8526	-1.060	-0.845	-0.946	-1.069	-1.171	-1.284	-1.440	-1.531	-1.547	3.25861454	6
	0.000150	9.0000	1.83157158	1.8316	2.3349	3.8737	2.8128	-1.067	-0.839	-0.927	-1.076	-1.196	-1.325	-1.500	-1.608	-1.624	3.25864959	6
	0.000150	9.0000	1.83188891	1.8319	2.3371	3.8629	2.7673	-1.073	-0.825	-0.897	-1.078	-1.220	-1.369	-1.567	-1.694	-1.712	3.25867176	6
	0.000150	9.0000	1.83211565	1.8321	2.3392	3.8512	2.7186	-1.078	-0.810	-0.862	-1.074	-1.239	-1.412	-1.635	-1.786	-1.805	3.25868773	6
	0.000150	9.0000	1.83230698	1.8323	2.3409	3.8388	2.6673	-1.082	-0.790	-0.819	-1.066	-1.257	-1.453	-1.705	-1.881	-1.902	3.25870109	6
	0.000150	9.0000	1.83246744	1.8325	2.3422	3.8261	2.6153	-1.085	-0.765	-0.772	-1.053	-1.271	-1.491	-1.773	-1.978	-2.000	3.25871229	6
	0.000150	9.0000	1.83260131	1.8326	2.3430	3.8137	2.5649	-1.087	-0.737	-0.723	-1.038	-1.281	-1.525	-1.837	-2.070	-2.094	3.25872183	6
	0.000150	9.0000	1.83271253	1.8327	2.3433	3.8023	2.5188	-1.088	-0.705	-0.673	-1.021	-1.288	-1.553	-1.893	-2.153	-2.180	3.25872946	6
	0.000150	9.0000	1.83281028	1.8328	2.3432	3.7916	2.4762	-1.088	-0.670	-0.615	-0.998	-1.290	-1.576	-1.943	-2.228	-2.259	3.25873637	6
	0.000150	9.0000	1.83288789	1.8329	2.3424	3.7824	2.4401	-1.086	-0.637	-0.553	-0.972	-1.287	-1.591	-1.983	-2.288	-2.326	3.25874186	6
	0.000150	9.0000	1.83295166	1.8330	2.3408	3.7740	2.4084	-1.082	-0.595	-0.503	-0.950	-1.284	-1.604	-2.018	-2.345	-2.386	3.25874615	6
	0.000150	9.0000	1.83300519	1.8330	2.3386	3.7661	2.3789	-1.076	-0.550	-0.456	-0.930	-1.280	-1.614	-2.049	-2.397	-2.439	3.25874996	6
	0.000150	9.0000	1.83305871	1.8331	2.3342	3.7576	2.3495	-1.066	-0.498	-0.403	-0.903	-1.269	-1.618	-2.075	-2.442	-2.489	3.25875378	6
	0.000150	9.0000	1.83311629	1.8331	2.3262	3.7493	2.3243	-1.045	-0.432	-0.339	-0.866	-1.249	-1.613	-2.090	-2.476	-2.527	3.25875783	6
	0.000150	9.0000	1.83317387	1.8332	2.3108	3.7415	2.3085	-1.007	-0.344	-0.258	-0.811	-1.210	-1.587	-2.085	-2.488	-2.542	3.25876164	6
	0.000150	9.0000	1.83320928	1.8332	2.2958	3.7365	2.3033	-0.969	-0.270	-0.190	-0.762	-1.171	-1.558	-2.069	-2.483	-2.540	3.25876427	7
	0.000150	9.0000	1.83321333	1.8332	2.2957	3.7357	2.3004	-0.969	-0.264	-0.185	-0.760	-1.171	-1.559	-2.072	-2.487	-2.545	3.25876451	7
	0.000150	9.0000	1.83325660	1.8333	2.3187	3.7278	2.2457	-1.027	-0.253	-0.194	-0.800	-1.227	-1.629	-2.163	-2.596	-2.658	3.25876760	7
	0.000150	9.0000	1.83328152	1.8333	2.3476	3.7238	2.2008	-1.099	-0.287	-0.241	-0.863	-1.298	-1.707	-2.252	-2.693	-2.758	3.25876927	7
	0.000150	9.0000	1.83330119	1.8333	2.3687	3.7220	2.1726	-1.152	-0.323	-0.284	-0.912	-1.351	-1.763	-2.312	-2.758	-2.823	3.25877070	7
	0.000150	9.0000	1.83334732	1.8333	2.3830	3.7214	2.1557	-1.187	-0.352	-0.315	-0.946	-1.386	-1.799	-2.351	-2.798	-2.864	3.25877380	7
	0.000150	9.0000	1.83348191	1.8335	2.3852	3.7216	2.1545	-1.193	-0.359	-0.322	-0.952	-1.392	-1.805	-2.355	-2.802	-2.868	3.25878334	7
	0.000150	9.0000	1.83400130	1.8340	2.4025	3.7193	2.1282	-1.236	-0.379	-0.351	-0.990	-1.434	-1.851	-2.408	-2.860	-2.927	3.25881958	7
	0.000150	9.0000	1.83422852	1.8342	2.4293	3.7171	2.0928	-1.303	-0.422	-0.403	-1.051	-1.501	-1.921	-2.484	-2.941	-3.009	3.25883532	7
	0.000150	9.0000	1.83441377	1.8344	2.4646	3.7147	2.0479	-1.391	-0.482	-0.474	-1.133	-1.588	-2.013	-2.583	-3.045	-3.114	3.25884843	7
	0.000150	9.0000	1.83469343	1.8347	2.5137	3.7118	1.9872	-1.514	-0.571	-0.577	-1.248	-1.710	-2.140	-2.718	-3.186	-3.258	3.25886798	7
	0.000150	9.0000	1.83494508	1.8349	2.5556	3.7094	1.9356	-1.619	-0.643	-0.664	-1.347	-1.814	-2.248	-2.833	-3.307	-3.380	3.25888538	7
	0.000150	9.0000	1.83517313	1.8352	2.5964	3.7073	1.8863	-1.721	-0.714	-0.749	-1.443	-1.915	-2.353	-2.945	-3.424	-3.498	3.25890136	7
	0.000150	9.0000	1.83538353	1.8354	2.6373	3.7051	1.8367	-1.823	-0.785	-0.834	-1.539	-2.016	-2.458	-3.056	-3.541	-3.616	3.25891590	7
	0.000150	9.0000	1.83557606	1.8356	2.6782	3.7030	1.7874	-1.925	-0.856	-0.919	-1.635	-2.117	-2.563	-3.168	-3.657	-3.733	3.25892949	7
	0.000150	9.0000	1.83575177	1.8358	2.7192	3.7009	1.7381	-2.028	-0.927	-1.004	-1.732	-2.218	-2.668	-3.279	-3.774	-3.851	3.25894165	7
	0.000150	9.0000	1.83591199	1.8359	2.7605	3.6987	1.6881	-2.131	-0.997	-1.089	-1.828	-2.320	-2.774	-3.392	-3.891	-3.970	3.25895286	7
	0.000150	9.0000	1.83605635	1.8361	2.8019	3.6967	1.6387	-2.235	-1.068	-1.174	-1.925	-2.421	-2.880	-3.503	-4.008	-4.088	3.25896287	7
	0.000150	9.0000	1.83618796	1.8362	2.8435	3.6945	1.5884	-2.339	-1.136	-1.258	-2.022	-2.523	-2.986	-3.616	-4.127	-4.207	3.25897193	7
	0.000150	9.0000	1.83630812	1.8363	2.8851	3.6923	1.5382	-2.443	-1.205	-1.342	-2.118	-2.625	-3.092	-3.729	-4.246	-4.327	3.25898051	7
	0.000150	9.0000	1.83641934	1.8364	2.9269	3.6901	1.4876	-2.547	-1.273	-1.426	-2.215	-2.727	-3.199	-3.843	-4.365	-4.447	3.25898814	7
	0.000150	9.0000	1.83652294	1.8365	2.9688	3.6879	1.4368	-2.652	-1.336	-1.508	-2.311	-2.829	-3.305	-3.957	-4.484	-4.568	3.25899529	7
	0.000150	9.0000	1.83661985	1.8366	3.0110	3.6857	1.3858	-2.757	-1.400	-1.591	-2.407	-2.931	-3.413	-4.071	-4.604	-4.689	3.25900221	7
	0.000150	9.0000	1.83671057	1.8367	3.0534	3.6834	1.3340	-2.864	-1.462	-1.672	-2.504	-3.034	-3.520	-4.187	-4.726	-4.812	3.25900841	7
	0.000150	9.0000	1.83679593	1.8368	3.0962	3.6810	1.2821	-2.970	-1.525	-1.754	-2.601	-3.138	-3.629	-4.303	-4.848	-4.935	3.25901437	7
	0.000150	9.0000	1.83687735	1.8369	3.1393	3.6787	1.2296	-3.078	-1.585	-1.835	-2.698	-3.241	-3.738	-4.420	-4.971	-5.059	3.25902009	7
	0.000150	9.0000	1.83695579	1.8370	3.1827	3.6763	1.1764	-3.187	-1.643	-1.915	-2.795	-3.345	-3.848	-4.538	-5.096	-5.185	3.25902557	7
	0.000150	9.0000	1.83752441	1.8375	3.6480	3.6473	0.5955	-4.350	-1.877	-2.612	-3.774	-4.445	-5.030	-5.818	-6.439	-6.537	3.25906491	8
