# File generated by CMD 2.8 (http://stev.oapd.inaf.it/cmd) on Fri Jul 15 04:10:30 CEST 2016
# PARSEC isochrones, release v1.2S
# Basic references: Bressan et al. (2012), MNRAS, 427, 127 + Chen et al. (2014, 2015), MNRAS, 444, 2525 + MNRAS, 452, 1068 + Tang et al. (2014), MNRAS, 445, 4287
# Warning: you choose not to include the TP-AGB phase!
# Photometric system: <i>UBVRIJHK</i> (cf. Maiz-Apellaniz 2006 + Bessell 1990)
# Using NBC version of bolometric corrections as in Chen et al. (2014), MNRAS, 444, 2525
# BCs of Carbon stars derive from Aringer et al. (2009, A&A 503, 913)
# O-rich circumstellar dust ignored
# C-rich circumstellar dust ignored
# IMF: Chabrier (2001) lognormal 
# On RGB, assumed Reimers mass loss with efficiency eta=0.2
# Kind of output: isochrone tables
#	Isochrone  Z = 0.00015	Y = 0.24900	[M/H] = -2.015	eta_R = 0.200	Age = 	1.0000e+10 yr
#      Z	log(age/yr)	M_ini   	M_act	logL/Lo	logTe	logG	mbol    U       B       V       R       I       J       H       K	int_IMF	stage
	0.000150	10.0000	0.09415038	0.0941	-3.0291	3.5168	5.4603	12.343	18.100	15.942	14.070	12.749	11.584	10.487	10.198	10.118	1.51154673	1
	0.000150	10.0000	0.10819206	0.1082	-2.6809	3.5626	5.3557	11.472	15.569	14.181	12.662	11.594	10.757	9.778	9.325	9.193	1.64724362	1
	0.000150	10.0000	0.10830075	0.1083	-2.6784	3.5630	5.3549	11.466	15.552	14.169	12.653	11.586	10.751	9.773	9.319	9.187	1.64822137	1
	0.000150	10.0000	0.12830074	0.1283	-2.4298	3.5868	5.2753	10.845	14.225	13.148	11.815	10.871	10.140	9.233	8.727	8.576	1.81244767	1
	0.000150	10.0000	0.14830074	0.1483	-2.2638	3.5990	5.2210	10.429	13.493	12.552	11.302	10.420	9.727	8.857	8.334	8.173	1.95024216	1
	0.000150	10.0000	0.17660150	0.1766	-2.0889	3.6096	5.1642	9.992	12.806	11.970	10.786	9.954	9.290	8.452	7.922	7.755	2.11144090	1
	0.000150	10.0000	0.22075188	0.2207	-1.8771	3.6211	5.0952	9.463	12.024	11.296	10.174	9.394	8.760	7.956	7.424	7.256	2.30619311	1
	0.000150	10.0000	0.27075186	0.2707	-1.6949	3.6311	5.0417	9.007	11.363	10.722	9.651	8.914	8.305	7.530	7.001	6.837	2.47062230	1
	0.000150	10.0000	0.34999999	0.3500	-1.4767	3.6445	4.9887	8.462	10.561	10.030	9.021	8.336	7.758	7.022	6.506	6.351	2.65552020	1
	0.000150	10.0000	0.40000001	0.4000	-1.3550	3.6531	4.9594	8.158	10.100	9.639	8.668	8.012	7.454	6.743	6.236	6.089	2.74133730	1
	0.000150	10.0000	0.44999999	0.4500	-1.2048	3.6673	4.9173	7.782	9.471	9.128	8.217	7.609	7.082	6.411	5.923	5.789	2.81098008	1
	0.000150	10.0000	0.50000000	0.4999	-1.0380	3.6839	4.8624	7.365	8.777	8.568	7.725	7.167	6.674	6.049	5.585	5.467	2.86847806	1
	0.000150	10.0000	0.55000001	0.5499	-0.8425	3.7032	4.7855	6.876	7.996	7.930	7.167	6.660	6.203	5.630	5.198	5.096	2.91663504	1
	0.000150	10.0000	0.60000002	0.5999	-0.6437	3.7272	4.7204	6.379	7.198	7.276	6.608	6.156	5.741	5.231	4.837	4.754	2.95739889	1
	0.000150	10.0000	0.61243302	0.6123	-0.5920	3.7341	4.7053	6.250	6.996	7.108	6.465	6.027	5.624	5.131	4.748	4.670	2.96658707	1
	0.000150	10.0000	0.62711626	0.6270	-0.5309	3.7423	4.6871	6.097	6.764	6.911	6.298	5.877	5.487	5.014	4.643	4.571	2.97700834	1
	0.000150	10.0000	0.64022583	0.6400	-0.4760	3.7495	4.6704	5.960	6.562	6.738	6.151	5.743	5.365	4.909	4.549	4.483	2.98593783	1
	0.000150	10.0000	0.64999998	0.6498	-0.4348	3.7549	4.6573	5.857	6.416	6.610	6.041	5.644	5.275	4.831	4.480	4.417	2.99236870	1
	0.000150	10.0000	0.65812367	0.6579	-0.4003	3.7592	4.6454	5.771	6.295	6.503	5.949	5.560	5.199	4.765	4.420	4.360	2.99757266	1
	0.000150	10.0000	0.67064756	0.6704	-0.3465	3.7658	4.6259	5.636	6.116	6.342	5.808	5.431	5.080	4.661	4.325	4.270	3.00535583	1
	0.000150	10.0000	0.68297774	0.6827	-0.2929	3.7721	4.6054	5.502	5.942	6.183	5.669	5.304	4.962	4.556	4.229	4.179	3.01274800	1
	0.000150	10.0000	0.69393349	0.6936	-0.2446	3.7776	4.5860	5.382	5.791	6.043	5.545	5.190	4.856	4.461	4.141	4.095	3.01910233	1
	0.000150	10.0000	0.69999999	0.6997	-0.2175	3.7805	4.5746	5.314	5.706	5.964	5.476	5.126	4.798	4.408	4.092	4.048	3.02253795	1
	0.000150	10.0000	0.70268637	0.7024	-0.2054	3.7818	4.5692	5.284	5.669	5.928	5.446	5.099	4.773	4.386	4.070	4.028	3.02404094	1
	0.000150	10.0000	0.71438390	0.7140	-0.1515	3.7872	4.5440	5.149	5.501	5.769	5.310	4.978	4.662	4.284	3.972	3.938	3.03045797	1
	0.000150	10.0000	0.72537833	0.7250	-0.0992	3.7922	4.5182	5.018	5.344	5.617	5.178	4.858	4.551	4.182	3.876	3.847	3.03630590	1
	0.000150	10.0000	0.73574829	0.7353	-0.0480	3.7967	4.4915	4.890	5.195	5.469	5.048	4.739	4.440	4.080	3.779	3.754	3.04166651	1
	0.000150	10.0000	0.74480301	0.7443	-0.0014	3.8007	4.4658	4.773	5.063	5.337	4.929	4.628	4.336	3.985	3.689	3.668	3.04622889	1
	0.000150	10.0000	0.75000000	0.7495	0.0262	3.8029	4.4501	4.704	4.989	5.259	4.858	4.561	4.273	3.926	3.636	3.615	3.04879928	1
	0.000150	10.0000	0.75741595	0.7569	0.0665	3.8062	4.4273	4.604	4.880	5.147	4.754	4.463	4.180	3.842	3.558	3.538	3.05240774	1
	0.000150	10.0000	0.76596308	0.7654	0.1157	3.8100	4.3983	4.481	4.748	5.009	4.627	4.343	4.067	3.737	3.461	3.443	3.05648255	1
	0.000150	10.0000	0.77414757	0.7735	0.1658	3.8137	4.3674	4.355	4.617	4.871	4.497	4.221	3.951	3.629	3.361	3.344	3.06030273	1
	0.000150	10.0000	0.78179991	0.7811	0.2159	3.8171	4.3352	4.230	4.487	4.732	4.368	4.098	3.834	3.520	3.260	3.244	3.06380439	1
	0.000150	10.0000	0.79101408	0.7902	0.2812	3.8211	4.2908	4.067	4.318	4.553	4.200	3.937	3.680	3.376	3.125	3.109	3.06793356	1
	0.000150	10.0000	0.79952055	0.7986	0.3480	3.8244	4.2420	3.900	4.149	4.371	4.027	3.771	3.521	3.225	2.981	2.966	3.07166290	1
	0.000150	10.0000	0.80000001	0.7991	0.3518	3.8246	4.2391	3.890	4.139	4.361	4.017	3.762	3.511	3.216	2.973	2.958	3.07187057	1
	0.000150	10.0000	0.80107212	0.8002	0.3603	3.8250	4.2331	3.869	4.117	4.338	3.996	3.741	3.491	3.197	2.955	2.940	3.07233429	1
	0.000150	10.0000	0.80704075	0.8061	0.4107	3.8272	4.1944	3.743	3.990	4.202	3.866	3.615	3.370	3.081	2.844	2.830	3.07489300	1
	0.000150	10.0000	0.81365621	0.8126	0.4708	3.8288	4.1442	3.593	3.840	4.042	3.711	3.465	3.223	2.938	2.705	2.691	3.07768393	1
	0.000150	10.0000	0.81497687	0.8139	0.4838	3.8289	4.1323	3.560	3.808	4.008	3.678	3.432	3.190	2.906	2.674	2.659	3.07823539	1
	0.000150	10.0000	0.81843990	0.8173	0.5210	3.8285	4.0954	3.468	3.718	3.914	3.584	3.338	3.096	2.810	2.578	2.564	3.07967305	1
	0.000150	10.0000	0.82222843	0.8210	0.5666	3.8264	4.0433	3.353	3.611	3.803	3.470	3.221	2.976	2.686	2.450	2.435	3.08123183	1
	0.000150	10.0000	0.82541251	0.8241	0.6093	3.8231	3.9892	3.247	3.512	3.703	3.364	3.110	2.860	2.562	2.320	2.304	3.08253050	2
	0.000150	10.0000	0.82780498	0.8264	0.6486	3.8175	3.9286	3.149	3.427	3.620	3.269	3.006	2.748	2.436	2.183	2.165	3.08349943	2
	0.000150	10.0000	0.82963526	0.8282	0.6830	3.8106	3.8673	3.062	3.358	3.555	3.188	2.913	2.643	2.315	2.048	2.029	3.08423686	2
	0.000150	10.0000	0.83106697	0.8296	0.7143	3.8021	3.8031	2.984	3.304	3.504	3.117	2.827	2.545	2.197	1.912	1.890	3.08481145	2
	0.000150	10.0000	0.83222044	0.8307	0.7429	3.7924	3.7363	2.913	3.267	3.471	3.054	2.746	2.446	2.076	1.774	1.746	3.08527279	2
	0.000150	10.0000	0.83318681	0.8316	0.7696	3.7819	3.6681	2.846	3.245	3.454	2.999	2.665	2.347	1.956	1.638	1.601	3.08565855	2
	0.000150	10.0000	0.83403474	0.8324	0.7950	3.7717	3.6020	2.782	3.229	3.433	2.947	2.593	2.258	1.844	1.508	1.464	3.08599591	2
	0.000150	10.0000	0.83478749	0.8331	0.8208	3.7626	3.5401	2.718	3.212	3.406	2.893	2.523	2.174	1.738	1.385	1.336	3.08629513	2
	0.000150	10.0000	0.83553344	0.8338	0.8549	3.7543	3.4736	2.633	3.177	3.357	2.820	2.435	2.072	1.616	1.247	1.194	3.08659101	2
	0.000150	10.0000	0.83611411	0.8344	0.8911	3.7491	3.4166	2.542	3.122	3.290	2.737	2.343	1.972	1.502	1.123	1.066	3.08682084	2
	0.000150	10.0000	0.83668542	0.8349	0.9354	3.7449	3.3560	2.432	3.042	3.199	2.633	2.231	1.853	1.373	0.986	0.926	3.08704662	3
	0.000150	10.0000	0.83722627	0.8354	0.9849	3.7420	3.2952	2.308	2.940	3.089	2.514	2.107	1.725	1.236	0.843	0.782	3.08726025	3
	0.000150	10.0000	0.83773392	0.8358	1.0352	3.7395	3.2351	2.182	2.834	2.976	2.393	1.981	1.595	1.099	0.701	0.638	3.08746052	3
	0.000150	10.0000	0.83816123	0.8362	1.0804	3.7377	3.1828	2.069	2.736	2.872	2.283	1.868	1.479	0.978	0.575	0.512	3.08762884	3
	0.000150	10.0000	0.83856910	0.8365	1.1263	3.7361	3.1304	1.954	2.636	2.765	2.172	1.754	1.362	0.856	0.449	0.385	3.08778930	3
	0.000150	10.0000	0.83898973	0.8368	1.1770	3.7343	3.0728	1.827	2.524	2.647	2.049	1.628	1.233	0.721	0.310	0.245	3.08795452	3
	0.000150	10.0000	0.83934522	0.8371	1.2230	3.7328	3.0211	1.712	2.421	2.540	1.937	1.513	1.116	0.600	0.185	0.120	3.08809423	3
	0.000150	10.0000	0.83969808	0.8373	1.2723	3.7313	2.9657	1.589	2.311	2.424	1.817	1.390	0.990	0.470	0.051	-0.015	3.08823252	3
	0.000150	10.0000	0.84001952	0.8375	1.3210	3.7297	2.9108	1.467	2.203	2.310	1.698	1.269	0.866	0.341	-0.081	-0.148	3.08835864	3
	0.000150	10.0000	0.84031850	0.8377	1.3701	3.7282	2.8556	1.345	2.095	2.195	1.578	1.146	0.741	0.212	-0.214	-0.281	3.08847570	3
	0.000150	10.0000	0.84058690	0.8378	1.4180	3.7267	2.8018	1.225	1.990	2.082	1.461	1.027	0.620	0.086	-0.343	-0.411	3.08858085	3
	0.000150	10.0000	0.84082985	0.8379	1.4651	3.7251	2.7485	1.107	1.886	1.973	1.347	0.910	0.500	-0.038	-0.471	-0.539	3.08867598	3
	0.000150	10.0000	0.84104675	0.8379	1.5109	3.7236	2.6968	0.993	1.786	1.866	1.235	0.796	0.384	-0.158	-0.595	-0.664	3.08876061	3
	0.000150	10.0000	0.84125406	0.8380	1.5586	3.7221	2.6429	0.874	1.681	1.755	1.120	0.677	0.263	-0.284	-0.724	-0.794	3.08884168	3
	0.000150	10.0000	0.84143806	0.8379	1.6046	3.7205	2.5905	0.758	1.580	1.649	1.008	0.563	0.146	-0.405	-0.850	-0.920	3.08891368	3
	0.000150	10.0000	0.84160274	0.8379	1.6495	3.7189	2.5393	0.646	1.483	1.545	0.900	0.452	0.032	-0.524	-0.972	-1.043	3.08897781	3
	0.000150	10.0000	0.84175783	0.8378	1.6955	3.7173	2.4870	0.531	1.384	1.440	0.788	0.337	-0.085	-0.645	-1.098	-1.169	3.08903837	3
	0.000150	10.0000	0.84189653	0.8377	1.7404	3.7157	2.4356	0.419	1.292	1.338	0.680	0.226	-0.200	-0.764	-1.220	-1.293	3.08909249	3
	0.000150	10.0000	0.84201986	0.8376	1.7836	3.7141	2.3859	0.311	1.204	1.240	0.575	0.118	-0.310	-0.880	-1.339	-1.412	3.08914065	3
	0.000150	10.0000	0.84213716	0.8374	1.8282	3.7125	2.3348	0.199	1.112	1.138	0.467	0.007	-0.424	-0.998	-1.461	-1.535	3.08918643	3
	0.000150	10.0000	0.84224313	0.8373	1.8717	3.7109	2.2848	0.091	1.023	1.040	0.362	-0.102	-0.535	-1.114	-1.581	-1.656	3.08922768	3
	0.000150	10.0000	0.84233999	0.8370	1.9147	3.7092	2.2351	-0.017	0.937	0.944	0.259	-0.209	-0.644	-1.228	-1.699	-1.775	3.08926535	3
	0.000150	10.0000	0.84243047	0.8368	1.9580	3.7076	2.1851	-0.125	0.851	0.848	0.155	-0.316	-0.755	-1.343	-1.819	-1.895	3.08930063	3
	0.000150	10.0000	0.84251314	0.8365	2.0008	3.7060	2.1355	-0.232	0.766	0.753	0.053	-0.422	-0.864	-1.457	-1.937	-2.014	3.08933282	3
	0.000150	10.0000	0.84258610	0.8362	2.0416	3.7043	2.0878	-0.334	0.686	0.663	-0.044	-0.523	-0.967	-1.566	-2.050	-2.128	3.08936143	3
	0.000150	10.0000	0.84265602	0.8358	2.0838	3.7026	2.0389	-0.439	0.603	0.570	-0.145	-0.627	-1.075	-1.679	-2.167	-2.245	3.08938861	3
	0.000150	10.0000	0.84272027	0.8355	2.1253	3.7010	1.9905	-0.543	0.522	0.479	-0.244	-0.730	-1.180	-1.789	-2.282	-2.361	3.08941364	3
	0.000150	10.0000	0.84277576	0.8351	2.1637	3.6993	1.9454	-0.639	0.452	0.397	-0.335	-0.825	-1.278	-1.892	-2.389	-2.469	3.08943510	3
	0.000150	10.0000	0.84282941	0.8346	2.2021	3.6978	1.9005	-0.735	0.382	0.314	-0.427	-0.920	-1.376	-1.995	-2.496	-2.577	3.08945608	3
	0.000150	10.0000	0.84288549	0.8341	2.2391	3.6963	1.8572	-0.828	0.314	0.235	-0.514	-1.011	-1.470	-2.094	-2.598	-2.680	3.08947778	3
	0.000150	10.0000	0.84293294	0.8335	2.2591	3.6955	1.8338	-0.878	0.278	0.192	-0.562	-1.060	-1.521	-2.147	-2.654	-2.736	3.08949637	3
	0.000150	10.0000	0.84297234	0.8331	2.2458	3.6964	1.8504	-0.845	0.297	0.217	-0.531	-1.028	-1.487	-2.111	-2.615	-2.696	3.08951163	3
	0.000150	10.0000	0.84298712	0.8330	2.2598	3.6957	1.8337	-0.880	0.273	0.188	-0.564	-1.062	-1.523	-2.148	-2.654	-2.736	3.08951735	3
	0.000150	10.0000	0.84303141	0.8324	2.3036	3.6938	1.7818	-0.989	0.196	0.096	-0.668	-1.170	-1.634	-2.266	-2.777	-2.859	3.08953476	3
	0.000150	10.0000	0.84307462	0.8318	2.3487	3.6919	1.7290	-1.102	0.114	-0.000	-0.774	-1.281	-1.749	-2.387	-2.902	-2.985	3.08955145	3
	0.000150	10.0000	0.84311217	0.8311	2.3906	3.6899	1.6789	-1.206	0.043	-0.087	-0.872	-1.384	-1.856	-2.499	-3.020	-3.104	3.08956599	3
	0.000150	10.0000	0.84314841	0.8304	2.4339	3.6880	1.6273	-1.315	-0.029	-0.176	-0.973	-1.490	-1.966	-2.616	-3.142	-3.227	3.08958006	3
	0.000150	10.0000	0.84318238	0.8295	2.4777	3.6860	1.5751	-1.424	-0.102	-0.265	-1.075	-1.596	-2.076	-2.733	-3.265	-3.351	3.08959341	3
	0.000150	10.0000	0.84321183	0.8287	2.5185	3.6841	1.5261	-1.526	-0.168	-0.347	-1.169	-1.696	-2.180	-2.843	-3.380	-3.467	3.08960485	3
	0.000150	10.0000	0.84324116	0.8277	2.5620	3.6821	1.4741	-1.635	-0.238	-0.435	-1.270	-1.802	-2.290	-2.960	-3.502	-3.590	3.08961630	3
	0.000150	10.0000	0.84326762	0.8267	2.6041	3.6800	1.4232	-1.740	-0.304	-0.518	-1.367	-1.904	-2.397	-3.073	-3.621	-3.710	3.08962655	3
	0.000150	10.0000	0.84329152	0.8255	2.6450	3.6780	1.3737	-1.842	-0.364	-0.598	-1.459	-2.003	-2.500	-3.183	-3.736	-3.826	3.08963585	3
	0.000150	10.0000	0.84331542	0.8242	2.6888	3.6759	1.3207	-1.952	-0.429	-0.683	-1.559	-2.108	-2.611	-3.301	-3.860	-3.951	3.08964515	3
	0.000150	10.0000	0.84334016	0.8226	2.7380	3.6734	1.2607	-2.075	-0.499	-0.777	-1.670	-2.227	-2.735	-3.434	-3.999	-4.091	3.08965468	3
	0.000150	10.0000	0.84335965	0.8211	2.7799	3.6712	1.2094	-2.180	-0.557	-0.855	-1.764	-2.327	-2.840	-3.547	-4.118	-4.211	3.08966231	3
	0.000150	10.0000	0.84337759	0.8195	2.8211	3.6691	1.1589	-2.283	-0.612	-0.932	-1.856	-2.426	-2.944	-3.658	-4.235	-4.329	3.08966923	3
	0.000150	10.0000	0.84339738	0.8174	2.8700	3.6664	1.0981	-2.405	-0.672	-1.021	-1.963	-2.542	-3.066	-3.790	-4.374	-4.470	3.08967686	3
	0.000150	10.0000	0.84341353	0.8154	2.9131	3.6642	1.0450	-2.513	-0.728	-1.100	-2.058	-2.645	-3.174	-3.906	-4.497	-4.593	3.08968329	3
	0.000150	10.0000	0.84342992	0.8129	2.9603	3.6616	0.9860	-2.631	-0.777	-1.181	-2.161	-2.757	-3.293	-4.034	-4.632	-4.728	3.08968973	3
	0.000150	10.0000	0.84344381	0.8104	3.0030	3.6592	0.9323	-2.738	-0.798	-1.247	-2.253	-2.859	-3.403	-4.151	-4.753	-4.851	3.08969498	3
	0.000150	10.0000	0.84345800	0.8074	3.0500	3.6565	0.8731	-2.855	-0.815	-1.317	-2.352	-2.971	-3.523	-4.280	-4.887	-4.985	3.08970046	3
	0.000150	10.0000	0.84346968	0.8045	3.0912	3.6541	0.8207	-2.958	-0.826	-1.376	-2.438	-3.068	-3.627	-4.393	-5.004	-5.104	3.08970499	3
	0.000150	10.0000	0.84348226	0.8007	3.1387	3.6512	0.7597	-3.077	-0.833	-1.441	-2.536	-3.180	-3.749	-4.524	-5.141	-5.241	3.08971000	3
	0.000150	10.0000	0.84349436	0.7963	3.1873	3.6483	0.6971	-3.198	-0.836	-1.505	-2.635	-3.294	-3.872	-4.658	-5.280	-5.380	3.08971477	3
	0.000150	10.0000	0.84350550	0.7915	3.2340	3.6456	0.6368	-3.315	-0.833	-1.564	-2.729	-3.402	-3.990	-4.785	-5.413	-5.514	3.08971906	3
	0.000150	10.0000	0.84351128	0.7887	3.2569	3.6442	0.6069	-3.372	-0.830	-1.592	-2.774	-3.456	-4.048	-4.848	-5.479	-5.579	3.08972120	4
	0.000150	10.0000	0.84351128	0.7886	1.7153	3.8394	2.9290	0.482	0.768	0.771	0.513	0.316	0.116	-0.137	-0.318	-0.337	3.08972120	4
	0.000150	10.0000	0.84351301	0.7886	1.7281	3.8319	2.8865	0.450	0.750	0.765	0.489	0.278	0.064	-0.206	-0.404	-0.424	3.08972192	4
	0.000150	10.0000	0.84357357	0.7886	1.7399	3.8272	2.8557	0.420	0.730	0.753	0.465	0.244	0.021	-0.260	-0.467	-0.488	3.08974552	4
	0.000150	10.0000	0.84363246	0.7886	1.7406	3.8277	2.8572	0.418	0.727	0.749	0.463	0.243	0.021	-0.259	-0.465	-0.486	3.08976841	4
	0.000150	10.0000	0.84369189	0.7886	1.7412	3.8286	2.8599	0.417	0.724	0.744	0.460	0.242	0.022	-0.256	-0.461	-0.482	3.08979130	4
	0.000150	10.0000	0.84375256	0.7886	1.7416	3.8297	2.8640	0.416	0.721	0.739	0.458	0.241	0.024	-0.252	-0.454	-0.474	3.08981490	4
	0.000150	10.0000	0.84380829	0.7886	1.7417	3.8308	2.8683	0.416	0.718	0.734	0.456	0.242	0.026	-0.246	-0.446	-0.466	3.08983660	4
	0.000150	10.0000	0.84386927	0.7886	1.7418	3.8322	2.8737	0.416	0.716	0.729	0.454	0.243	0.030	-0.239	-0.436	-0.456	3.08986020	4
	0.000150	10.0000	0.84392488	0.7886	1.7417	3.8335	2.8790	0.416	0.713	0.724	0.453	0.244	0.034	-0.233	-0.426	-0.446	3.08988190	4
	0.000150	10.0000	0.84398627	0.7886	1.7417	3.8348	2.8843	0.416	0.711	0.719	0.451	0.246	0.037	-0.226	-0.417	-0.437	3.08990574	4
	0.000150	10.0000	0.84404689	0.7886	1.7418	3.8359	2.8888	0.416	0.709	0.715	0.449	0.246	0.040	-0.220	-0.408	-0.428	3.08992910	4
	0.000150	10.0000	0.84410542	0.7886	1.7420	3.8367	2.8916	0.415	0.707	0.711	0.448	0.247	0.042	-0.217	-0.404	-0.423	3.08995199	4
	0.000150	10.0000	0.84416652	0.7886	1.7425	3.8371	2.8926	0.414	0.705	0.709	0.446	0.246	0.042	-0.216	-0.402	-0.422	3.08997560	4
	0.000150	10.0000	0.84422237	0.7885	1.7430	3.8369	2.8915	0.412	0.704	0.708	0.445	0.244	0.040	-0.218	-0.404	-0.424	3.08999729	4
	0.000150	10.0000	0.84427899	0.7885	1.7439	3.8363	2.8883	0.410	0.703	0.708	0.444	0.241	0.036	-0.224	-0.411	-0.431	3.09001923	4
	0.000150	10.0000	0.84428555	0.7885	1.7440	3.8362	2.8877	0.410	0.703	0.708	0.443	0.241	0.035	-0.224	-0.412	-0.432	3.09002185	4
	0.000150	10.0000	0.84433919	0.7885	1.7451	3.8350	2.8817	0.407	0.702	0.710	0.442	0.237	0.029	-0.233	-0.424	-0.444	3.09004259	4
	0.000150	10.0000	0.84439933	0.7885	1.7467	3.8329	2.8718	0.403	0.702	0.713	0.441	0.231	0.020	-0.248	-0.443	-0.463	3.09006596	4
	0.000150	10.0000	0.84445703	0.7885	1.7485	3.8302	2.8592	0.399	0.702	0.719	0.439	0.224	0.008	-0.266	-0.467	-0.487	3.09008837	4
	0.000150	10.0000	0.84451520	0.7885	1.7508	3.8269	2.8435	0.393	0.704	0.726	0.438	0.216	-0.007	-0.288	-0.497	-0.518	3.09011078	4
	0.000150	10.0000	0.84457338	0.7885	1.7535	3.8229	2.8247	0.386	0.707	0.735	0.436	0.207	-0.024	-0.315	-0.532	-0.554	3.09013343	4
	0.000150	10.0000	0.84462965	0.7885	1.7565	3.8183	2.8036	0.379	0.710	0.746	0.435	0.196	-0.043	-0.345	-0.572	-0.595	3.09015512	4
	0.000150	10.0000	0.84468538	0.7885	1.7598	3.8134	2.7804	0.370	0.714	0.757	0.433	0.185	-0.063	-0.378	-0.616	-0.640	3.09017682	4
	0.000150	10.0000	0.84469068	0.7885	1.7601	3.8129	2.7781	0.370	0.714	0.759	0.433	0.184	-0.065	-0.381	-0.621	-0.644	3.09017897	4
	0.000150	10.0000	0.84474117	0.7884	1.7635	3.8080	2.7552	0.361	0.718	0.770	0.432	0.172	-0.086	-0.413	-0.664	-0.689	3.09019852	4
	0.000150	10.0000	0.84479946	0.7884	1.7678	3.8023	2.7283	0.351	0.724	0.783	0.429	0.159	-0.110	-0.451	-0.715	-0.741	3.09022093	4
	0.000150	10.0000	0.84485644	0.7884	1.7722	3.7967	2.7014	0.339	0.730	0.800	0.428	0.145	-0.133	-0.489	-0.766	-0.794	3.09024310	4
	0.000150	10.0000	0.84491014	0.7884	1.7769	3.7911	2.6744	0.328	0.737	0.819	0.428	0.132	-0.157	-0.527	-0.816	-0.847	3.09026384	4
	0.000150	10.0000	0.84496742	0.7883	1.7823	3.7852	2.6453	0.314	0.744	0.842	0.429	0.118	-0.182	-0.567	-0.870	-0.905	3.09028602	4
	0.000150	10.0000	0.84502208	0.7883	1.7873	3.7804	2.6209	0.302	0.748	0.860	0.428	0.105	-0.204	-0.602	-0.915	-0.954	3.09030724	4
	0.000150	10.0000	0.84507591	0.7882	1.7937	3.7756	2.5955	0.286	0.755	0.868	0.421	0.088	-0.230	-0.640	-0.966	-1.006	3.09032798	4
	0.000150	10.0000	0.84513026	0.7882	1.8005	3.7714	2.5716	0.269	0.759	0.872	0.412	0.071	-0.256	-0.678	-1.014	-1.055	3.09034920	4
	0.000150	10.0000	0.84518421	0.7882	1.8066	3.7680	2.5521	0.253	0.759	0.873	0.403	0.055	-0.277	-0.708	-1.053	-1.095	3.09036994	4
	0.000150	10.0000	0.84524387	0.7881	1.8125	3.7654	2.5356	0.239	0.757	0.871	0.392	0.039	-0.297	-0.735	-1.086	-1.129	3.09039307	4
	0.000150	10.0000	0.84529954	0.7880	1.8273	3.7597	2.4982	0.202	0.747	0.861	0.366	0.002	-0.345	-0.796	-1.161	-1.206	3.09041452	4
	0.000150	10.0000	0.84535319	0.7880	1.8489	3.7535	2.4516	0.148	0.729	0.838	0.323	-0.053	-0.410	-0.878	-1.255	-1.304	3.09043527	4
	0.000150	10.0000	0.84539163	0.7879	1.8770	3.7466	2.3960	0.077	0.702	0.802	0.265	-0.124	-0.493	-0.978	-1.370	-1.422	3.09045029	4
	0.000150	10.0000	0.84541160	0.7879	1.9065	3.7405	2.3418	0.004	0.670	0.761	0.203	-0.198	-0.577	-1.078	-1.483	-1.539	3.09045792	4
	0.000150	10.0000	0.84542131	0.7878	1.9383	3.7347	2.2868	-0.076	0.639	0.715	0.136	-0.277	-0.667	-1.183	-1.601	-1.659	3.09046173	4
	0.000150	10.0000	0.84542596	0.7878	1.9736	3.7292	2.2296	-0.164	0.598	0.659	0.059	-0.365	-0.764	-1.295	-1.725	-1.786	3.09046340	4
	0.000150	10.0000	0.84542817	0.7878	2.0093	3.7247	2.1761	-0.253	0.552	0.597	-0.020	-0.453	-0.860	-1.403	-1.842	-1.906	3.09046435	4
	0.000150	10.0000	0.84542853	0.7878	2.0141	3.7242	2.1691	-0.265	0.545	0.589	-0.031	-0.465	-0.873	-1.417	-1.858	-1.922	3.09046459	5
	0.000150	10.0000	0.84542859	0.7878	2.0193	3.7236	2.1616	-0.278	0.538	0.579	-0.043	-0.478	-0.887	-1.432	-1.874	-1.939	3.09046459	7
	0.000150	10.0000	0.84542942	0.7878	2.0488	3.7209	2.1213	-0.352	0.490	0.522	-0.110	-0.551	-0.965	-1.517	-1.966	-2.032	3.09046483	7
	0.000150	10.0000	0.84543043	0.7878	2.0878	3.7177	2.0696	-0.449	0.427	0.446	-0.200	-0.647	-1.067	-1.628	-2.084	-2.151	3.09046531	7
	0.000150	10.0000	0.84543145	0.7878	2.1249	3.7150	2.0213	-0.542	0.366	0.372	-0.285	-0.739	-1.163	-1.733	-2.195	-2.264	3.09046555	7
	0.000150	10.0000	0.84543240	0.7878	2.1584	3.7127	1.9786	-0.626	0.310	0.305	-0.363	-0.822	-1.250	-1.826	-2.293	-2.364	3.09046602	7
	0.000150	10.0000	0.84543377	0.7878	2.1728	3.7118	1.9608	-0.662	0.285	0.275	-0.397	-0.858	-1.288	-1.866	-2.335	-2.406	3.09046650	7
	0.000150	10.0000	0.84543699	0.7878	2.1642	3.7126	1.9726	-0.640	0.297	0.291	-0.377	-0.837	-1.265	-1.841	-2.308	-2.379	3.09046769	7
	0.000150	10.0000	0.84544349	0.7877	2.1504	3.7134	1.9898	-0.606	0.321	0.319	-0.345	-0.802	-1.229	-1.803	-2.268	-2.338	3.09047031	7
	0.000150	10.0000	0.84546995	0.7875	2.1640	3.7122	1.9709	-0.640	0.302	0.295	-0.375	-0.836	-1.265	-1.843	-2.310	-2.381	3.09048057	7
	0.000150	10.0000	0.84549052	0.7873	2.2061	3.7092	1.9169	-0.745	0.235	0.211	-0.473	-0.940	-1.375	-1.961	-2.435	-2.508	3.09048843	7
	0.000150	10.0000	0.84551102	0.7871	2.2573	3.7058	1.8520	-0.873	0.154	0.110	-0.592	-1.066	-1.507	-2.103	-2.586	-2.660	3.09049630	7
	0.000150	10.0000	0.84553051	0.7869	2.3050	3.7029	1.7925	-0.993	0.077	0.015	-0.702	-1.184	-1.630	-2.235	-2.724	-2.801	3.09050393	7
	0.000150	10.0000	0.84554797	0.7866	2.3485	3.7003	1.7386	-1.101	0.006	-0.073	-0.803	-1.291	-1.742	-2.354	-2.850	-2.928	3.09051061	7
	0.000150	10.0000	0.84556359	0.7863	2.3914	3.6978	1.6855	-1.209	-0.063	-0.158	-0.902	-1.396	-1.852	-2.472	-2.974	-3.053	3.09051681	7
	0.000150	10.0000	0.84557730	0.7860	2.4335	3.6954	1.6335	-1.314	-0.130	-0.242	-1.000	-1.499	-1.960	-2.587	-3.095	-3.175	3.09052205	7
	0.000150	10.0000	0.84558940	0.7857	2.4749	3.6931	1.5826	-1.417	-0.195	-0.324	-1.095	-1.600	-2.066	-2.700	-3.215	-3.296	3.09052682	7
	0.000150	10.0000	0.84560025	0.7854	2.5161	3.6907	1.5320	-1.520	-0.261	-0.406	-1.190	-1.700	-2.171	-2.813	-3.333	-3.415	3.09053087	7
	0.000150	10.0000	0.84561008	0.7850	2.5571	3.6884	1.4815	-1.623	-0.323	-0.485	-1.284	-1.800	-2.275	-2.925	-3.451	-3.534	3.09053469	7
	0.000150	10.0000	0.84561914	0.7847	2.5985	3.6861	1.4306	-1.726	-0.383	-0.565	-1.378	-1.900	-2.380	-3.037	-3.569	-3.654	3.09053826	7
	0.000150	10.0000	0.84562749	0.7843	2.6397	3.6838	1.3798	-1.829	-0.442	-0.643	-1.471	-2.000	-2.485	-3.150	-3.688	-3.774	3.09054136	7
	0.000150	10.0000	0.84563535	0.7838	2.6808	3.6814	1.3290	-1.932	-0.500	-0.721	-1.564	-2.099	-2.590	-3.262	-3.806	-3.894	3.09054446	7
	0.000150	10.0000	0.84564286	0.7833	2.7217	3.6790	1.2784	-2.034	-0.556	-0.797	-1.656	-2.198	-2.693	-3.374	-3.924	-4.012	3.09054732	7
	0.000150	10.0000	0.84565008	0.7828	2.7624	3.6767	1.2280	-2.136	-0.609	-0.871	-1.746	-2.295	-2.796	-3.484	-4.041	-4.130	3.09055018	7
	0.000150	10.0000	0.84565693	0.7821	2.8038	3.6743	1.1765	-2.240	-0.662	-0.946	-1.838	-2.394	-2.901	-3.597	-4.160	-4.251	3.09055281	7
	0.000150	10.0000	0.84566319	0.7815	2.8464	3.6717	1.1234	-2.346	-0.715	-1.023	-1.932	-2.496	-3.008	-3.713	-4.283	-4.375	3.09055519	7
	0.000150	10.0000	0.84566844	0.7808	2.8879	3.6692	1.0716	-2.450	-0.764	-1.096	-2.022	-2.594	-3.112	-3.826	-4.403	-4.496	3.09055734	7
	0.000150	10.0000	0.84567302	0.7802	2.9307	3.6666	1.0178	-2.557	-0.811	-1.170	-2.115	-2.695	-3.220	-3.943	-4.527	-4.622	3.09055901	7
	0.000150	10.0000	0.84567696	0.7795	2.9725	3.6640	0.9652	-2.661	-0.839	-1.236	-2.204	-2.794	-3.326	-4.058	-4.648	-4.743	3.09056044	7
	0.000150	10.0000	0.84568071	0.7788	3.0135	3.6614	0.9134	-2.764	-0.854	-1.296	-2.291	-2.892	-3.431	-4.172	-4.766	-4.863	3.09056211	7
	0.000150	10.0000	0.84568465	0.7778	3.0657	3.6580	0.8472	-2.894	-0.866	-1.369	-2.399	-3.016	-3.565	-4.316	-4.918	-5.015	3.09056354	7
	0.000150	10.0000	0.84568799	0.7768	3.1818	3.6499	0.6980	-3.184	-0.860	-1.513	-2.632	-3.286	-3.860	-4.640	-5.257	-5.357	3.09056473	7
	0.000150	10.0000	0.84568870	0.7765	3.2466	3.6454	0.6150	-3.346	-0.840	-1.586	-2.757	-3.434	-4.023	-4.819	-5.446	-5.546	3.09056520	7
	0.000150	10.0000	0.84568906	0.7762	3.2748	3.6434	0.5788	-3.417	-0.829	-1.616	-2.811	-3.498	-4.094	-4.897	-5.529	-5.629	3.09056520	7
	0.000150	10.0000	0.84568936	0.7760	3.2879	3.6425	0.5619	-3.450	-0.823	-1.629	-2.836	-3.528	-4.127	-4.933	-5.567	-5.667	3.09056544	7
	0.000150	10.0000	0.84568948	0.7760	3.2908	3.6422	0.5581	-3.457	-0.822	-1.632	-2.841	-3.534	-4.134	-4.941	-5.576	-5.676	3.09056544	8
